state,polling_place,yes_n,no_n,formal_n,informal_n,total_n
ACT,Ainslie North,1608,749,2357,29,2386
ACT,Aranda,2200,787,2987,21,3008
ACT,Baker Gardens,398,230,628,5,633
ACT,Barton,1027,376,1403,12,1415
ACT,Belconnen,1538,718,2256,20,2276
ACT,Bruce,267,112,379,5,384
ACT,Calwell,1810,1098,2908,21,2929
ACT,Campbell,1605,977,2582,11,2593
ACT,Canberra Hospital,587,298,885,9,894
ACT,Chapman,1629,720,2349,22,2371
ACT,Charnwood,2222,1655,3877,43,3920
ACT,Chifley,955,540,1495,17,1512
ACT,Chisholm,1172,821,1993,18,2011
ACT,City,784,253,1037,12,1049
ACT,Conder,1541,1145,2686,23,2709
ACT,Curtin,2089,910,2999,31,3030
ACT,Deakin,985,504,1489,10,1499
ACT,Dickson,1184,503,1687,19,1706
ACT,Downer,856,564,1420,10,1430
ACT,Duffy,1346,691,2037,14,2051
ACT,Evatt,1868,1163,3031,30,3061
ACT,Evatt South,948,453,1401,10,1411
ACT,Fadden,1485,763,2248,12,2260
ACT,Farrer,1641,1190,2831,25,2856
ACT,Florey,1395,781,2176,20,2196
ACT,Flynn,1280,683,1963,10,1973
ACT,Gilmore,1292,972,2264,19,2283
ACT,Giralang,1347,791,2138,25,2163
ACT,Gordon,2281,1611,3892,33,3925
ACT,Gowrie,1208,755,1963,17,1980
ACT,Griffith,1181,514,1695,14,1709
ACT,Hall,257,171,428,2,430
ACT,Higgins,1321,998,2319,26,2345
ACT,Holder,1058,594,1652,17,1669
ACT,Holt,1320,1019,2339,19,2358
ACT,Hughes,1947,871,2818,19,2837
ACT,Isabella Plains,1390,1156,2546,24,2570
ACT,Jervis Bay,55,54,109,0,109
ACT,Kaleen,1738,1096,2834,42,2876
ACT,Kaleen South,1074,616,1690,16,1706
ACT,Kambah East,1175,731,1906,12,1918
ACT,Kambah North,1017,647,1664,15,1679
ACT,Kambah South,932,685,1617,14,1631
ACT,Kambah West,2261,1299,3560,22,3582
ACT,Latham,1151,860,2011,19,2030
ACT,Lyneham,2672,1045,3717,38,3755
ACT,Lyons,983,529,1512,13,1525
ACT,Macgregor,992,723,1715,5,1720
ACT,Macquarie,1230,574,1804,11,1815
ACT,Mawson,1961,1017,2978,22,3000
ACT,Melba,1124,581,1705,12,1717
ACT,Monash,1866,1130,2996,28,3024
ACT,Narrabundah,1224,782,2006,21,2027
ACT,Ngunnawal,2004,1130,3134,31,3165
ACT,Nicholls,1673,931,2604,11,2615
ACT,Oaks Estate,82,85,167,1,168
ACT,Page,1054,578,1632,17,1649
ACT,Palmerston,2234,1189,3423,20,3443
ACT,Pearce,1492,887,2379,20,2399
ACT,Prison Mobiles,0,1,1,0,1
ACT,Red Hill,1206,574,1780,12,1792
ACT,Reid,457,188,645,5,650
ACT,Richardson,863,794,1657,15,1672
ACT,Rivett,1244,740,1984,12,1996
ACT,Scullin,1245,847,2092,28,2120
ACT,Spence,890,521,1411,6,1417
ACT,Tharwa,56,49,105,1,106
ACT,Theodore,958,628,1586,13,1599
ACT,Turner,1387,463,1850,19,1869
ACT,Wanniassa,1760,1209,2969,19,2988
ACT,Wanniassa Hills,1767,1067,2834,20,2854
ACT,Waramanga,2139,1285,3424,32,3456
ACT,Watson,1643,903,2546,23,2569
ACT,Weetangera,1823,761,2584,11,2595
ACT,Weston,1277,663,1940,15,1955
ACT,Wreck Bay,48,20,68,0,68
ACT,Yarralumla,1209,502,1711,5,1716
NSW,Aberdare West,454,682,1136,12,1148
NSW,Aberdeen,397,805,1202,16,1218
NSW,Abermain,495,782,1277,10,1287
NSW,Adamstown Heights,1406,1167,2573,24,2597
NSW,Adamstown North,574,653,1227,13,1240
NSW,Adamstown West,226,193,419,3,422
NSW,Adjungbilly,25,46,71,0,71
NSW,Airds North,235,507,742,12,754
NSW,Albion Park Rail,1578,2222,3800,30,3830
NSW,Albion Park South,1287,1541,2828,25,2853
NSW,Albury East,358,594,952,11,963
NSW,Albury High School,1084,1150,2234,15,2249
NSW,Albury Mercy Hospital,41,76,117,0,117
NSW,Albury North,641,1119,1760,15,1775
NSW,Albury North Central,507,1023,1530,11,1541
NSW,Albury South,640,859,1499,11,1510
NSW,Albury West,799,1012,1811,21,1832
NSW,Allambie Heights,1619,1658,3277,31,3308
NSW,Allandale Hospital,54,80,134,1,135
NSW,Allawah South,589,501,1090,16,1106
NSW,Ambarvale,1562,2052,3614,36,3650
NSW,Ambarvale West,882,1054,1936,20,1956
NSW,Annandale North,1938,641,2579,32,2611
NSW,Annangrove,416,614,1030,8,1038
NSW,Appin,362,598,960,6,966
NSW,Araluen,35,47,82,1,83
NSW,Arcadia Vale,376,463,839,11,850
NSW,Argenton,350,460,810,9,819
NSW,Argents Hill,55,35,90,1,91
NSW,Ariah Park,85,255,340,1,341
NSW,Armidale,1533,1572,3105,29,3134
NSW,Armidale East,483,727,1210,10,1220
NSW,Armidale Hospital,215,303,518,5,523
NSW,Armidale South,565,472,1037,4,1041
NSW,Armidale University,158,157,315,2,317
NSW,Armidale West,886,1359,2245,27,2272
NSW,Arncliffe,657,523,1180,13,1193
NSW,Arncliffe East,570,475,1045,23,1068
NSW,Artarmon Central,1368,880,2248,21,2269
NSW,Ashbury,1469,965,2434,29,2463
NSW,Ashfield,1748,1027,2775,34,2809
NSW,Ashfield East,649,414,1063,20,1083
NSW,Ashfield North,1215,766,1981,17,1998
NSW,Ashley,28,92,120,0,120
NSW,Ashmont,621,1426,2047,23,2070
NSW,Ashtonfield,632,712,1344,4,1348
NSW,Asquith,1034,1095,2129,15,2144
NSW,Athelstane,1744,1266,3010,45,3055
NSW,Attunga,86,330,416,2,418
NSW,Auburn East,254,288,542,8,550
NSW,Auburn Hospital,173,175,348,5,353
NSW,Auburn North,1047,643,1690,26,1716
NSW,Auburn West,1510,1634,3144,83,3227
NSW,Austral,626,864,1490,22,1512
NSW,Awaba,115,165,280,1,281
NSW,Baan Baa,26,92,118,1,119
NSW,Badgerys Creek,77,169,246,2,248
NSW,Bald Face,724,741,1465,13,1478
NSW,Bald Rock,149,69,218,1,219
NSW,Balgowlah,751,721,1472,11,1483
NSW,Balgowlah Heights,1327,1141,2468,13,2481
NSW,Balgownie,610,473,1083,8,1091
NSW,Balgownie Central,1435,1164,2599,22,2621
NSW,Balladoran,11,82,93,0,93
NSW,Balldale,29,88,117,1,118
NSW,Ballina,1838,2550,4388,52,4440
NSW,Ballina East,1226,1165,2391,14,2405
NSW,Ballina Hospital,665,931,1596,8,1604
NSW,Ballina West,459,799,1258,9,1267
NSW,Balmain,1655,609,2264,17,2281
NSW,Balmain East,640,243,883,8,891
NSW,Balmain Hospital,226,95,321,5,326
NSW,Balmoral,570,367,937,9,946
NSW,Balranald,315,616,931,5,936
NSW,Bandon Grove,40,85,125,0,125
NSW,Bangalow,670,467,1137,8,1145
NSW,Bangor,2097,2096,4193,38,4231
NSW,Banksia,1040,820,1860,40,1900
NSW,Bankstown Central,1397,934,2331,61,2392
NSW,Bankstown North,715,619,1334,20,1354
NSW,Bankstown South,866,900,1766,46,1812
NSW,Bankstown West,1035,941,1976,43,2019
NSW,Banora Point,1199,1580,2779,20,2799
NSW,Banora Point South,945,1337,2282,12,2294
NSW,Banora Point West,664,964,1628,16,1644
NSW,Baradine,116,473,589,4,593
NSW,Barcom,480,143,623,4,627
NSW,Barden Ridge,752,691,1443,8,1451
NSW,Barellan,69,370,439,1,440
NSW,Bargo,649,1149,1798,18,1816
NSW,Barham,283,818,1101,10,1111
NSW,Barmedman,57,204,261,0,261
NSW,Barnsley,429,690,1119,12,1131
NSW,Barooga,310,614,924,3,927
NSW,Barraba,343,970,1313,16,1329
NSW,Barrack Heights,764,726,1490,20,1510
NSW,Barrenjoey,932,707,1639,9,1648
NSW,Barrington,107,201,308,2,310
NSW,Basin View,307,454,761,6,767
NSW,Bass Hill,1092,1326,2418,35,2453
NSW,Bass Hill Central,695,858,1553,35,1588
NSW,Bass Hill West,1462,1584,3046,47,3093
NSW,Bateau Bay East,896,1013,1909,12,1921
NSW,Bateau Bay South,529,645,1174,7,1181
NSW,Bateau Bay West,155,281,436,0,436
NSW,Batehaven,543,686,1229,11,1240
NSW,Batemans Bay,1203,1617,2820,26,2846
NSW,Bathurst,1210,1496,2706,28,2734
NSW,Bathurst Central,292,333,625,5,630
NSW,Bathurst City,873,1130,2003,20,2023
NSW,Bathurst High,461,567,1028,6,1034
NSW,Bathurst Hospital,340,459,799,3,802
NSW,Bathurst South,489,782,1271,13,1284
NSW,Bathurst St Vincents,90,169,259,2,261
NSW,Bathurst West,1022,1292,2314,24,2338
NSW,Batlow,305,615,920,8,928
NSW,Baulkham Hills,129,186,315,2,317
NSW,Baulkham Hills High,673,717,1390,3,1393
NSW,Baulkham Hills Hospital,69,88,157,1,158
NSW,Baulkham Hills North,1354,1469,2823,21,2844
NSW,Bawley Point,239,231,470,1,471
NSW,Bayldon,882,1293,2175,16,2191
NSW,Bayview,734,644,1378,2,1380
NSW,Beacon Hill,1543,1736,3279,26,3305
NSW,Beaconsfield,226,154,380,1,381
NSW,Beaumont Park,390,559,949,10,959
NSW,Beauty Point,685,510,1195,4,1199
NSW,Beckom,9,87,96,0,96
NSW,Beechwood,262,455,717,5,722
NSW,Beecroft,1885,1541,3426,13,3439
NSW,Beecroft West,1290,1283,2573,17,2590
NSW,Beelbangera,124,215,339,6,345
NSW,Bega,735,1397,2132,18,2150
NSW,Bega Central,363,680,1043,7,1050
NSW,Bell Park,395,331,726,9,735
NSW,Bellambi,608,794,1402,13,1415
NSW,Bellata,44,170,214,0,214
NSW,Bellbird,490,742,1232,8,1240
NSW,Bellbrook,53,134,187,1,188
NSW,Bellimbopinni,39,79,118,2,120
NSW,Bellingen,1068,1098,2166,14,2180
NSW,Bellingen Hospital,62,60,122,3,125
NSW,Belmont Central,669,957,1626,11,1637
NSW,Belmont North,816,1082,1898,16,1914
NSW,Belmont West,482,570,1052,6,1058
NSW,Belmore Central,1173,866,2039,25,2064
NSW,Belmore North,1326,1016,2342,50,2392
NSW,Belmore South,1173,1159,2332,23,2355
NSW,Belrose,904,989,1893,14,1907
NSW,Belrose North,1009,1062,2071,14,2085
NSW,Bemboka,127,234,361,2,363
NSW,Ben Lomond,23,85,108,0,108
NSW,Ben Venue,1197,1376,2573,11,2584
NSW,Bendemeer,88,217,305,2,307
NSW,Bendick Murrell,56,114,170,0,170
NSW,Bentley,92,118,210,0,210
NSW,Berala,1982,1551,3533,68,3601
NSW,Beresfield,904,1549,2453,18,2471
NSW,Berkeley,1008,1032,2040,20,2060
NSW,Berkeley South,334,372,706,5,711
NSW,Berkeley Vale,1231,1627,2858,28,2886
NSW,Berkeley Vale North,551,829,1380,16,1396
NSW,Berkeley West,741,1137,1878,14,1892
NSW,Berkshire Park,95,190,285,4,289
NSW,Bermagui,640,663,1303,11,1314
NSW,Berowra,1655,1650,3305,26,3331
NSW,Berowra North,866,878,1744,9,1753
NSW,Berowra Waters,35,53,88,0,88
NSW,Berridale,272,371,643,4,647
NSW,Berrigan,213,711,924,5,929
NSW,Berrima,177,242,419,0,419
NSW,Berry,925,979,1904,15,1919
NSW,Bethungra,27,73,100,0,100
NSW,Beverly Hills,558,634,1192,9,1201
NSW,Beverly Hills South,632,558,1190,12,1202
NSW,Bexhill,206,271,477,1,478
NSW,Bexley,1332,1198,2530,48,2578
NSW,Bexley Central,462,398,860,13,873
NSW,Bexley East,216,126,342,4,346
NSW,Bexley North,631,506,1137,16,1153
NSW,Bexley West,1031,1097,2128,29,2157
NSW,Bibbenluke,45,94,139,1,140
NSW,Bidwill,794,1347,2141,39,2180
NSW,Bigga,53,130,183,2,185
NSW,Bilambil,621,757,1378,6,1384
NSW,Bilbul,36,92,128,5,133
NSW,Bilgola Plateau,1132,884,2016,11,2027
NSW,Billimari,48,131,179,0,179
NSW,Billinudgel,234,280,514,4,518
NSW,Bimbimbie,109,205,314,4,318
NSW,Binalong,107,191,298,4,302
NSW,Binda,46,129,175,0,175
NSW,Bingara,285,878,1163,7,1170
NSW,Binnaway,139,314,453,4,457
NSW,Binya,20,66,86,0,86
NSW,Birchgrove,1539,442,1981,12,1993
NSW,Birmingham Gardens,351,464,815,6,821
NSW,Birmingham Gardens North,419,609,1028,9,1037
NSW,Birrong,1425,1425,2850,48,2898
NSW,Black Hill,96,151,247,3,250
NSW,Black Mountain,53,70,123,0,123
NSW,Black Springs,78,162,240,0,240
NSW,Blackalls,650,856,1506,16,1522
NSW,Blackbutt,943,950,1893,13,1906
NSW,Blackett,770,1200,1970,27,1997
NSW,Blackfriars,268,73,341,5,346
NSW,Blackheath,1116,1205,2321,22,2343
NSW,Blacksmiths,495,534,1029,9,1038
NSW,Blacktown City,627,553,1180,14,1194
NSW,Blacktown East,1304,1522,2826,29,2855
NSW,Blacktown Hospital,186,188,374,11,385
NSW,Blacktown North,616,867,1483,13,1496
NSW,Blacktown South,1050,1300,2350,29,2379
NSW,Blacktown West,1712,2181,3893,57,3950
NSW,Blackville,20,18,38,1,39
NSW,Blackwell,1043,1448,2491,28,2519
NSW,Blairmount,350,517,867,11,878
NSW,Blakehurst,425,453,878,8,886
NSW,Blandford,52,130,182,0,182
NSW,Blaxcell,2189,2849,5038,95,5133
NSW,Blaxland,876,750,1626,9,1635
NSW,Blaxland East,1583,1429,3012,10,3022
NSW,Blayney,555,1205,1760,16,1776
NSW,Bletchington,968,1772,2740,24,2764
NSW,Bligh Park,1185,1910,3095,30,3125
NSW,Bligh Park East,339,545,884,8,892
NSW,Blighty,34,120,154,2,156
NSW,Bloomfield Hospital,45,90,135,0,135
NSW,Blue Haven,637,1066,1703,10,1713
NSW,Boambee,480,648,1128,6,1134
NSW,Bobs Farm,84,181,265,1,266
NSW,Bodalla,220,269,489,7,496
NSW,Boggabilla,116,347,463,6,469
NSW,Boggabri,177,563,740,2,742
NSW,Bolton Point,301,439,740,3,743
NSW,Bolwarra,399,583,982,7,989
NSW,Bomaderry,1105,1865,2970,20,2990
NSW,Bomaderry South,267,397,664,1,665
NSW,Bombala,378,700,1078,6,1084
NSW,Bona Park,330,422,752,4,756
NSW,Bonalbo,110,315,425,5,430
NSW,Bondi,2232,1465,3697,36,3733
NSW,Bondi Beach,3540,1664,5204,58,5262
NSW,Bondi Junction,2010,1158,3168,24,3192
NSW,Bondi North,1099,911,2010,16,2026
NSW,Bonnells Bay,1044,1623,2667,14,2681
NSW,Bonnet Bay,804,666,1470,10,1480
NSW,Bonnyrigg,1350,1042,2392,38,2430
NSW,Bonnyrigg Heights,1595,1384,2979,64,3043
NSW,Bonnyrigg High,665,419,1084,12,1096
NSW,Bonshaw,17,52,69,0,69
NSW,Bonville,313,479,792,4,796
NSW,Booker Bay,251,366,617,7,624
NSW,Bookham,39,99,138,2,140
NSW,Booligal,19,47,66,0,66
NSW,Boomi,37,110,147,1,148
NSW,Booragul,525,698,1223,9,1232
NSW,Booragul Homes,25,79,104,1,105
NSW,Booral,108,308,416,4,420
NSW,Boorowa,376,653,1029,4,1033
NSW,Boree Creek,25,118,143,1,144
NSW,Borenore,81,186,267,1,268
NSW,Boronia Park,1390,966,2356,12,2368
NSW,Bossley Park,1700,1580,3280,49,3329
NSW,Bossley Park High,986,934,1920,22,1942
NSW,Bostobrick,33,66,99,0,99
NSW,Botany,965,1039,2004,26,2030
NSW,Botany East,877,931,1808,19,1827
NSW,Bowden Brae,234,266,500,2,502
NSW,Bowen,770,1615,2385,21,2406
NSW,Bowenfels South,66,79,145,1,146
NSW,Bowning,63,143,206,2,208
NSW,Bowral,1365,1653,3018,16,3034
NSW,Bowral South,775,988,1763,13,1776
NSW,Bowraville,397,638,1035,10,1045
NSW,Bradbury,1752,2591,4343,49,4392
NSW,Bradbury East,26,30,56,0,56
NSW,Bradbury South,661,1042,1703,13,1716
NSW,Braddock,1172,1819,2991,26,3017
NSW,Bradfordville,642,906,1548,10,1558
NSW,Braidwood,469,665,1134,11,1145
NSW,Branxton,660,949,1609,19,1628
NSW,Bray Park,362,586,948,10,958
NSW,Bredbo,95,127,222,0,222
NSW,Breeza,26,94,120,1,121
NSW,Bribbaree,28,147,175,3,178
NSW,Brighton Avenue,1106,815,1921,26,1947
NSW,Brighton North,656,709,1365,13,1378
NSW,Brighton-Le-Sands,1378,1138,2516,26,2542
NSW,Bringelly,494,742,1236,12,1248
NSW,Broadwater,140,222,362,3,365
NSW,Brocklesby,28,97,125,1,126
NSW,Brogo,87,101,188,1,189
NSW,Broke,117,221,338,2,340
NSW,Bronte,1282,581,1863,14,1877
NSW,Brooklyn,216,218,434,1,435
NSW,Brookvale,742,828,1570,28,1598
NSW,Brooms Head,84,99,183,0,183
NSW,Broulee,434,340,774,3,777
NSW,Brownsville,633,830,1463,9,1472
NSW,Brungle,36,73,109,0,109
NSW,Brunswick Heads,758,772,1530,21,1551
NSW,Buckaroo,83,172,255,0,255
NSW,Budgewoi,749,1008,1757,8,1765
NSW,Budgewoi Central,720,946,1666,11,1677
NSW,Buff Point,683,895,1578,15,1593
NSW,Bugaldie,17,93,110,0,110
NSW,Bulahdelah,287,718,1005,7,1012
NSW,Bullaburra,337,258,595,8,603
NSW,Bullarah,15,73,88,0,88
NSW,Bulli,425,389,814,5,819
NSW,Bulli Central,1445,1241,2686,24,2710
NSW,Bulli Hospital,25,44,69,1,70
NSW,Bundanoon,470,627,1097,7,1104
NSW,Bundarra,98,281,379,1,380
NSW,Bundeena,630,504,1134,11,1145
NSW,Bungendore,895,722,1617,13,1630
NSW,Bungonia,55,121,176,3,179
NSW,Bungwahl,85,136,221,2,223
NSW,Bunnaloo,26,91,117,1,118
NSW,Bunnan,25,81,106,1,107
NSW,Bunnerong,1406,1274,2680,29,2709
NSW,Bunyah,17,33,50,0,50
NSW,Buronga,258,585,843,4,847
NSW,Burraga,22,57,79,1,80
NSW,Burrawang,141,197,338,2,340
NSW,Burrell Creek,72,146,218,1,219
NSW,Burren Junction,28,142,170,0,170
NSW,Burrill Lake,401,591,992,6,998
NSW,Burringbar,286,295,581,3,584
NSW,Burrumbuttock,48,161,209,1,210
NSW,Burwood,2490,1300,3790,50,3840
NSW,Burwood East,1677,1093,2770,34,2804
NSW,Burwood North,167,175,342,2,344
NSW,Burwood Park,535,367,902,9,911
NSW,Busby,1618,1695,3313,49,3362
NSW,Buxton,327,507,834,4,838
NSW,Byabarra,41,55,96,0,96
NSW,Bylong,12,61,73,0,73
NSW,Byron Bay,1630,873,2503,53,2556
NSW,Byron Bay South,1094,657,1751,38,1789
NSW,Cabarita Beach,835,769,1604,14,1618
NSW,Cabramatta,3312,1916,5228,95,5323
NSW,Cabramatta East,1646,1202,2848,38,2886
NSW,Cabramatta High,1416,862,2278,18,2296
NSW,Cabramatta West,1085,914,1999,39,2038
NSW,Cabramurra,12,6,18,0,18
NSW,Calala,371,732,1103,6,1109
NSW,Calare School,751,1069,1820,10,1830
NSW,Caldwell,19,20,39,0,39
NSW,Callala Bay,384,508,892,4,896
NSW,Callala Beach,132,181,313,0,313
NSW,Camberwell,21,82,103,0,103
NSW,Cambewarra,400,508,908,3,911
NSW,Cambridge Gardens,927,1393,2320,27,2347
NSW,Cambridge Park,1231,1878,3109,35,3144
NSW,Cambridge Park South,491,888,1379,12,1391
NSW,Camden,731,1101,1832,6,1838
NSW,Camden Downs,416,693,1109,6,1115
NSW,Camden East,634,933,1567,16,1583
NSW,Camden Hospital,61,116,177,1,178
NSW,Camden South,1003,1475,2478,27,2505
NSW,Camdenville,731,342,1073,21,1094
NSW,Cammeray,1867,1097,2964,19,2983
NSW,Campbellfield,549,821,1370,14,1384
NSW,Campbelltown,906,1424,2330,20,2350
NSW,Campbelltown East,980,1446,2426,34,2460
NSW,Campbelltown North,303,532,835,10,845
NSW,Camperdown,487,224,711,7,718
NSW,Camperdown South,1497,539,2036,20,2056
NSW,Campsie,1680,1067,2747,31,2778
NSW,Campsie South,659,556,1215,22,1237
NSW,Canada Bay,352,340,692,10,702
NSW,Candelo,232,297,529,7,536
NSW,Caniaba,77,166,243,0,243
NSW,Canley Heights,1912,1818,3730,59,3789
NSW,Canley Vale,1817,1206,3023,44,3067
NSW,Canley Vale High,214,156,370,7,377
NSW,Canobolas,52,101,153,1,154
NSW,Canowindra,323,941,1264,18,1282
NSW,Canterbury,444,340,784,21,805
NSW,Canterbury Hospital,250,290,540,6,546
NSW,Canterbury North,867,575,1442,23,1465
NSW,Canterbury South,530,376,906,17,923
NSW,Canyonleigh,60,70,130,1,131
NSW,Capertee,32,94,126,1,127
NSW,Captains Flat,142,147,289,7,296
NSW,Carabost,13,32,45,0,45
NSW,Caragabal,57,105,162,1,163
NSW,Caravan Head,401,325,726,7,733
NSW,Carcoar,64,135,199,1,200
NSW,Cardiff,1036,1197,2233,28,2261
NSW,Cardiff East,379,480,859,7,866
NSW,Cardiff Heights,765,695,1460,8,1468
NSW,Cardiff North,629,754,1383,14,1397
NSW,Cardiff South,706,896,1602,11,1613
NSW,Cardinal Gilroy Village,196,298,494,3,497
NSW,Carey Bay,465,569,1034,12,1046
NSW,Cargo,67,194,261,1,262
NSW,Carinda,22,73,95,0,95
NSW,Caringbah,1733,1939,3672,19,3691
NSW,Caringbah Central,406,516,922,6,928
NSW,Caringbah North,1345,1588,2933,30,2963
NSW,Caringbah West,1004,1075,2079,7,2086
NSW,Carlingford,791,753,1544,12,1556
NSW,Carlingford North,968,881,1849,5,1854
NSW,Carlingford West,1417,1346,2763,14,2777
NSW,Carlton,1159,899,2058,24,2082
NSW,Carlton North,665,559,1224,13,1237
NSW,Carlton West,636,544,1180,21,1201
NSW,Carool,46,41,87,1,88
NSW,Caroona,14,59,73,2,75
NSW,Carramar,84,91,175,5,180
NSW,Carrathool,25,64,89,2,91
NSW,Carrington,435,508,943,12,955
NSW,Carrington Hospital,130,331,461,0,461
NSW,Carroll,53,151,204,1,205
NSW,Carss Park,458,498,956,11,967
NSW,Cartwright,590,741,1331,17,1348
NSW,Casino,1213,2463,3676,43,3719
NSW,Casino High,260,572,832,5,837
NSW,Casino Hospital,177,403,580,7,587
NSW,Casino South,327,638,965,7,972
NSW,Casino West,196,551,747,0,747
NSW,Cassilis,37,170,207,1,208
NSW,Castle Cove,815,609,1424,13,1437
NSW,Castle Hill,1652,1730,3382,32,3414
NSW,Castle Hill East,536,624,1160,7,1167
NSW,Castle Hill High,1221,1427,2648,15,2663
NSW,Castle Hill West,1204,1355,2559,19,2578
NSW,Castlecrag,820,456,1276,13,1289
NSW,Castlefield,475,289,764,5,769
NSW,Castlereagh,293,584,877,2,879
NSW,Casula,1662,2022,3684,63,3747
NSW,Casula South,606,696,1302,15,1317
NSW,Catherine Field,312,485,797,13,810
NSW,Catherine Hill Bay,73,69,142,2,144
NSW,Cattai,74,152,226,0,226
NSW,Caves Beach,1255,1264,2519,17,2536
NSW,Cawdor,143,299,442,5,447
NSW,Cawongla,259,129,388,2,390
NSW,Cecil Hills,1046,952,1998,22,2020
NSW,Central Tilba,179,134,313,2,315
NSW,Cessnock,328,518,846,8,854
NSW,Cessnock East,385,605,990,5,995
NSW,Cessnock Hospital,372,453,825,5,830
NSW,Cessnock North,321,470,791,3,794
NSW,Cessnock West,894,1319,2213,23,2236
NSW,Chain Valley Bay,319,446,765,4,769
NSW,Charing Cross,685,484,1169,13,1182
NSW,Charles Sturt University,58,72,130,0,130
NSW,Charlestown,1279,1296,2575,30,2605
NSW,Charlestown East,609,609,1218,10,1228
NSW,Charlestown South,505,578,1083,7,1090
NSW,Charmhaven,490,767,1257,3,1260
NSW,Chatham,610,1235,1845,9,1854
NSW,Chatswood,1424,902,2326,21,2347
NSW,Chatswood East,727,564,1291,8,1299
NSW,Chatswood North,668,446,1114,5,1119
NSW,Chatswood South,673,468,1141,8,1149
NSW,Chatswood West,1313,721,2034,12,2046
NSW,Chatsworth Island,115,252,367,3,370
NSW,Cheltenham,676,483,1159,5,1164
NSW,Cherrybrook,1893,1551,3444,24,3468
NSW,Cherrybrook South,580,547,1127,2,1129
NSW,Chester Hill,1611,1797,3408,61,3469
NSW,Chester Hill North,1106,1353,2459,30,2489
NSW,Chifley,925,838,1763,18,1781
NSW,Chillingham,115,167,282,2,284
NSW,Chinderah,336,550,886,10,896
NSW,Chippendale,743,237,980,18,998
NSW,Chipping Norton,1229,1356,2585,19,2604
NSW,Chiswick,857,648,1505,13,1518
NSW,Chittaway Bay,1159,1545,2704,25,2729
NSW,Chittaway Point,173,235,408,0,408
NSW,Chullora,1099,1335,2434,24,2458
NSW,Chullora South,163,215,378,4,382
NSW,Clairgate,1018,1249,2267,27,2294
NSW,Claremont Meadows,750,908,1658,14,1672
NSW,Clarence Town,381,579,960,6,966
NSW,Clareville Park,1028,1335,2363,17,2380
NSW,Claymore,442,719,1161,22,1183
NSW,Clemton Park,1845,1580,3425,55,3480
NSW,Clovass,51,183,234,0,234
NSW,Clovelly,1353,737,2090,17,2107
NSW,Clovelly Beach,681,341,1022,6,1028
NSW,Clovelly North,1196,773,1969,18,1987
NSW,Clunes,200,151,351,3,354
NSW,Coal Point,432,422,854,7,861
NSW,Coalcliff,71,45,116,1,117
NSW,Cobargo,250,384,634,8,642
NSW,Cobbitty,232,414,646,1,647
NSW,Coffs Harbour,704,989,1693,14,1707
NSW,Coffs Harbour East,721,1034,1755,14,1769
NSW,Coffs Harbour Hospital,108,129,237,2,239
NSW,Coffs Harbour Jetty,548,610,1158,12,1170
NSW,Coffs Harbour Narranga,671,1179,1850,15,1865
NSW,Coffs Harbour South,438,620,1058,13,1071
NSW,Coffs Harbour St Augustines,795,1127,1922,15,1937
NSW,Coffs Harbour West,1225,1885,3110,32,3142
NSW,Coleambally,177,493,670,3,673
NSW,Coledale,482,285,767,8,775
NSW,Collarenebri,92,288,380,4,384
NSW,Collaroy,908,938,1846,14,1860
NSW,Collaroy Plateau,1256,1341,2597,24,2621
NSW,Collector,70,78,148,0,148
NSW,Collingullie,66,145,211,0,211
NSW,Colo Heights,56,102,158,1,159
NSW,Colo Vale,347,419,766,5,771
NSW,Comboyne,71,239,310,0,310
NSW,Comleroy Road,292,444,736,9,745
NSW,Como,437,374,811,4,815
NSW,Como West,1024,908,1932,17,1949
NSW,Conargo,30,67,97,0,97
NSW,Concord,627,524,1151,10,1161
NSW,Concord Central,526,437,963,8,971
NSW,Concord East,1279,1021,2300,25,2325
NSW,Concord North,548,448,996,5,1001
NSW,Concord Repatriation Hospital,83,101,184,2,186
NSW,Concord West,864,657,1521,15,1536
NSW,Condell Park,2023,2187,4210,88,4298
NSW,Condell Park North,212,203,415,5,420
NSW,Condell Park South,1126,944,2070,48,2118
NSW,Condong,375,444,819,6,825
NSW,Coniston,1037,782,1819,31,1850
NSW,Connells Point,1435,1442,2877,22,2899
NSW,Cooerwull,912,1336,2248,11,2259
NSW,Coogee,1046,621,1667,7,1674
NSW,Coogee Beach,1836,976,2812,23,2835
NSW,Coogee Central,1011,663,1674,11,1685
NSW,Coogee South,1156,1150,2306,27,2333
NSW,Cookardinia,11,48,59,0,59
NSW,Cooks Hill,558,300,858,7,865
NSW,Cooks Hill South,1227,854,2081,21,2102
NSW,Coolac,62,161,223,1,224
NSW,Coolah,223,602,825,3,828
NSW,Coolamon,233,807,1040,7,1047
NSW,Coolatai,18,69,87,0,87
NSW,Coolongolook,44,100,144,0,144
NSW,Cooma,903,1049,1952,13,1965
NSW,Cooma Hospital,129,160,289,2,291
NSW,Cooma North,484,694,1178,10,1188
NSW,Cooma South,291,370,661,2,663
NSW,Coomba Park,117,180,297,4,301
NSW,Coonabarabran,625,1589,2214,18,2232
NSW,Coonamble,473,1418,1891,21,1912
NSW,Cooper Park,553,361,914,5,919
NSW,Coopernook,105,274,379,3,382
NSW,Coorabell,63,50,113,1,114
NSW,Cooranbong,313,475,788,5,793
NSW,Cootamundra,858,1477,2335,22,2357
NSW,Cootamundra High,404,679,1083,11,1094
NSW,Cootamundra South,290,362,652,4,656
NSW,Copacabana,742,530,1272,9,1281
NSW,Copmanhurst,105,215,320,1,321
NSW,Coraki,306,622,928,4,932
NSW,Coramba,143,214,357,2,359
NSW,Corindi,248,370,618,0,618
NSW,Corlette,772,827,1599,5,1604
NSW,Corndale,63,65,128,2,130
NSW,Corowa,741,1240,1981,16,1997
NSW,Corowa Hospital,341,635,976,7,983
NSW,Corowa South,235,393,628,4,632
NSW,Corrimal,1298,1343,2641,26,2667
NSW,Corrimal East,1503,1657,3160,34,3194
NSW,Coster Street,569,538,1107,2,1109
NSW,Coutts Crossing,235,511,746,4,750
NSW,Cowan,159,148,307,4,311
NSW,Cowper,123,243,366,1,367
NSW,Cowra,728,1904,2632,25,2657
NSW,Cowra North,681,1474,2155,18,2173
NSW,Cowra West,293,828,1121,12,1133
NSW,Crabbes Creek,54,48,102,0,102
NSW,Cranebrook,1222,1898,3120,33,3153
NSW,Cremorne,1526,1206,2732,21,2753
NSW,Cremorne South,1391,941,2332,8,2340
NSW,Crescent Head,393,391,784,4,788
NSW,Crestwood,921,915,1836,11,1847
NSW,Crestwood High,2201,2039,4240,27,4267
NSW,Cringila,849,631,1480,32,1512
NSW,Cromer,1256,1390,2646,17,2663
NSW,Cromer East,411,497,908,4,912
NSW,Cronulla,1107,1252,2359,18,2377
NSW,Cronulla Central,802,965,1767,11,1778
NSW,Cronulla North,844,795,1639,18,1657
NSW,Cronulla South,1258,1307,2565,16,2581
NSW,Crookwell,552,1127,1679,6,1685
NSW,Croppa Creek,39,102,141,0,141
NSW,Crowdy Head,32,57,89,0,89
NSW,Crows Nest,706,450,1156,8,1164
NSW,Crows Nest East,768,456,1224,7,1231
NSW,Croydon,554,373,927,13,940
NSW,Croydon Park,1050,905,1955,21,1976
NSW,Croydon South,516,378,894,16,910
NSW,Crystal Creek,109,166,275,0,275
NSW,Cudal,124,330,454,2,456
NSW,Cudgen,225,259,484,6,490
NSW,Cudmirrah,155,216,371,5,376
NSW,Culburra,641,876,1517,5,1522
NSW,Culcairn,236,610,846,2,848
NSW,Cullen,811,541,1352,8,1360
NSW,Cullen Bullen,46,119,165,0,165
NSW,Cumborah,22,92,114,1,115
NSW,Cumnock,86,245,331,1,332
NSW,Cundletown,454,873,1327,4,1331
NSW,Cup & Saucer,560,437,997,15,1012
NSW,Curban,10,94,104,0,104
NSW,Curl Curl,1350,1161,2511,13,2524
NSW,Curlewis,120,279,399,3,402
NSW,Curlwaa,33,109,142,2,144
NSW,Currabubula,44,147,191,1,192
NSW,Curran,470,854,1324,21,1345
NSW,Currans Hill,427,780,1207,11,1218
NSW,Currarong,161,226,387,1,388
NSW,Currawarna,30,91,121,0,121
NSW,Daceyville,534,485,1019,11,1030
NSW,Dalgety,59,116,175,1,176
NSW,Dalmeny,469,641,1110,7,1117
NSW,Dalton,38,145,183,4,187
NSW,Dangar Island,96,29,125,0,125
NSW,Dangar Village,243,747,990,11,1001
NSW,Dangarsleigh,38,126,164,0,164
NSW,Dapto,1256,1682,2938,26,2964
NSW,Darcy Road,936,1023,1959,17,1976
NSW,Dareton,207,574,781,7,788
NSW,Darling Point,1019,936,1955,13,1968
NSW,Darlinghurst,607,219,826,11,837
NSW,Darlington,697,218,915,7,922
NSW,Darlington Point,295,422,717,7,724
NSW,Davistown,588,886,1474,11,1485
NSW,Daysdale,19,95,114,1,115
NSW,Dean Park,799,793,1592,17,1609
NSW,Dee Why,1581,1682,3263,39,3302
NSW,Dee Why Central,1282,1274,2556,38,2594
NSW,Dee Why East,1064,1063,2127,19,2146
NSW,Deepwater,84,259,343,0,343
NSW,Deervale,21,56,77,0,77
NSW,Delegate,66,205,271,2,273
NSW,Delungra,74,316,390,0,390
NSW,Deniliquin,500,943,1443,13,1456
NSW,Deniliquin Hospital,128,241,369,0,369
NSW,Deniliquin North,309,845,1154,20,1174
NSW,Deniliquin South,237,494,731,10,741
NSW,Deniliquin West,444,1022,1466,17,1483
NSW,Denistone,427,400,827,6,833
NSW,Denistone East,1183,1066,2249,14,2263
NSW,Denman,396,750,1146,6,1152
NSW,Dharruk,692,981,1673,21,1694
NSW,Diamond Bay,1467,1186,2653,14,2667
NSW,Diamond Beach,183,240,423,6,429
NSW,Dobroyd Point,901,558,1459,18,1477
NSW,Dolans Bay,482,400,882,3,885
NSW,Doonside,772,955,1727,27,1754
NSW,Doonside North,1573,1792,3365,41,3406
NSW,Dooralong,43,86,129,0,129
NSW,Dora Creek,520,735,1255,8,1263
NSW,Dorrigo,333,813,1146,3,1149
NSW,Double Bay,1800,1320,3120,18,3138
NSW,Douglas Park,279,459,738,5,743
NSW,Dover Heights,1449,1215,2664,35,2699
NSW,Drake,64,82,146,1,147
NSW,Driver,531,609,1140,12,1152
NSW,Drummoyne,1378,809,2187,29,2216
NSW,Drummoyne East,641,500,1141,7,1148
NSW,Drummoyne North,1434,1113,2547,25,2572
NSW,Dudley,794,730,1524,11,1535
NSW,Dulwich Hill,1327,755,2082,35,2117
NSW,Dulwich Hill West,734,446,1180,16,1196
NSW,Dunbogan,227,338,565,4,569
NSW,Dundas,1082,1067,2149,25,2174
NSW,Dundas Valley,401,370,771,11,782
NSW,Dundee,19,57,76,1,77
NSW,Dundurrabin,59,72,131,2,133
NSW,Dunedoo,205,579,784,2,786
NSW,Dungay,81,140,221,1,222
NSW,Dungog,586,1114,1700,12,1712
NSW,Dungowan,69,190,259,2,261
NSW,Dunoon,285,312,597,5,602
NSW,Dural,1172,1370,2542,19,2561
NSW,Duranbah,68,71,139,0,139
NSW,Duri,98,203,301,0,301
NSW,Durrumbul,54,57,111,1,112
NSW,Dyers Crossing,82,216,298,1,299
NSW,Eagle Vale,874,1033,1907,19,1926
NSW,Earlwood,421,332,753,19,772
NSW,Earlwood North,1757,1455,3212,58,3270
NSW,Earlwood South,1422,953,2375,42,2417
NSW,East Hills,559,767,1326,10,1336
NSW,East Maitland,350,499,849,6,855
NSW,East Maitland Heights,573,861,1434,15,1449
NSW,East Maitland South,863,898,1761,8,1769
NSW,East Sydney,1282,615,1897,30,1927
NSW,Eastern Creek,214,377,591,6,597
NSW,Eastlakes,586,496,1082,8,1090
NSW,Eastlakes East,1452,1046,2498,35,2533
NSW,Eastview,309,346,655,3,658
NSW,Eastville,187,389,576,3,579
NSW,Eastwood,2665,1633,4298,25,4323
NSW,Eastwood Heights,969,961,1930,18,1948
NSW,Eastwood West,366,318,684,3,687
NSW,Ebenezer,262,510,772,5,777
NSW,Ebor,33,67,100,1,101
NSW,Eden,719,1295,2014,14,2028
NSW,Edensor Park,1506,1146,2652,42,2694
NSW,Edgecliff,324,276,600,5,605
NSW,Edgeroi,28,107,135,0,135
NSW,Edgeworth,1580,2334,3914,43,3957
NSW,Eglinton,484,909,1393,6,1399
NSW,Elands,65,57,122,0,122
NSW,Elanora,1042,1089,2131,17,2148
NSW,Elderslie,53,113,166,0,166
NSW,Eleebana,1794,1483,3277,32,3309
NSW,Elermore Vale,1005,1150,2155,29,2184
NSW,Ellalong,160,234,394,8,402
NSW,Elong Elong,27,81,108,0,108
NSW,Elsmore,23,69,92,0,92
NSW,Eltham,95,103,198,0,198
NSW,Emerton,386,638,1024,18,1042
NSW,Emery,20,118,138,0,138
NSW,Emmaville,95,284,379,1,380
NSW,Empire Bay,1210,1446,2656,25,2681
NSW,Empire Vale,100,123,223,4,227
NSW,Emu Heights,723,919,1642,8,1650
NSW,Emu Plains,1236,1955,3191,35,3226
NSW,Enfield,987,799,1786,28,1814
NSW,Enfield South,842,722,1564,25,1589
NSW,Enfield West,773,778,1551,19,1570
NSW,Engadine,1530,1546,3076,22,3098
NSW,Engadine East,343,346,689,4,693
NSW,Engadine South,876,820,1696,12,1708
NSW,Engadine West,1401,1648,3049,22,3071
NSW,Enmore,1373,549,1922,23,1945
NSW,Epping,1354,959,2313,11,2324
NSW,Epping East,1667,1231,2898,19,2917
NSW,Epping Heights,897,706,1603,8,1611
NSW,Epping North,1285,1138,2423,11,2434
NSW,Epping West,1654,1483,3137,17,3154
NSW,Erina,1610,2027,3637,31,3668
NSW,Erina Heights,682,692,1374,7,1381
NSW,Erina South,465,578,1043,2,1045
NSW,Ermington,720,675,1395,9,1404
NSW,Ermington Central,924,1014,1938,20,1958
NSW,Ermington West,1249,1338,2587,34,2621
NSW,Erowal Bay,168,191,359,3,362
NSW,Errowanbang,9,54,63,0,63
NSW,Erskine Park,1460,1732,3192,35,3227
NSW,Erskineville,1774,588,2362,15,2377
NSW,Eschol Park,1050,1326,2376,28,2404
NSW,Ettalong,1325,2072,3397,31,3428
NSW,Ettalong South,274,307,581,9,590
NSW,Ettalong West,1040,1435,2475,31,2506
NSW,Euberta,31,76,107,1,108
NSW,Euchareena,22,92,114,1,115
NSW,Eugowra,118,381,499,1,500
NSW,Eulah Creek,8,26,34,0,34
NSW,Eungai Creek,128,195,323,3,326
NSW,Eurambie Park,1406,1132,2538,15,2553
NSW,Eureka,75,91,166,0,166
NSW,Euston,97,312,409,12,421
NSW,Evans Head,634,945,1579,10,1589
NSW,Ewingsdale,139,124,263,2,265
NSW,Exeter,130,226,356,1,357
NSW,Failford,74,182,256,1,257
NSW,Fairfax,21,80,101,0,101
NSW,Fairfield,1024,1116,2140,35,2175
NSW,Fairfield Central,466,451,917,6,923
NSW,Fairfield East,669,508,1177,15,1192
NSW,Fairfield Heights,1843,1804,3647,62,3709
NSW,Fairfield North,1000,879,1879,27,1906
NSW,Fairfield South,1226,1129,2355,34,2389
NSW,Fairfield West,1540,1557,3097,46,3143
NSW,Fairlight,923,820,1743,8,1751
NSW,Fairvale High,864,804,1668,28,1696
NSW,Fairy Hill,114,291,405,0,405
NSW,Fairy Meadow,1129,947,2076,22,2098
NSW,Fairy Meadow South,74,59,133,0,133
NSW,Falls Creek,231,285,516,2,518
NSW,Farmborough Road,1589,1497,3086,28,3114
NSW,Fassifern,284,341,625,10,635
NSW,Faulconbridge,1181,1076,2257,16,2273
NSW,Federal,257,136,393,8,401
NSW,Fennell Bay,386,695,1081,13,1094
NSW,Fern Bay,337,492,829,9,838
NSW,Ferndale,534,372,906,8,914
NSW,Fernleigh,120,111,231,2,233
NSW,Figtree,2096,1706,3802,33,3835
NSW,Figtree Heights,758,618,1376,12,1388
NSW,Fingal Bay,411,500,911,4,915
NSW,Fingal Head,117,150,267,4,271
NSW,Finley,410,1265,1675,17,1692
NSW,Five Dock,1114,834,1948,27,1975
NSW,Five Dock Central,1338,828,2166,23,2189
NSW,Flemington,660,489,1149,10,1159
NSW,Flinders,482,232,714,9,723
NSW,Floraville,642,753,1395,6,1401
NSW,Floribunda,1011,1317,2328,15,2343
NSW,Forest High,709,534,1243,7,1250
NSW,Forest Hill,318,687,1005,8,1013
NSW,Forest Lodge,815,287,1102,15,1117
NSW,Forestville,1924,1889,3813,37,3850
NSW,Forestville East,497,499,996,4,1000
NSW,Forresters Beach,536,650,1186,8,1194
NSW,Forster,453,607,1060,10,1070
NSW,Forster East,671,875,1546,7,1553
NSW,Forster Keys,604,816,1420,7,1427
NSW,Forster South,1210,1643,2853,19,2872
NSW,Fowler Road,1174,1441,2615,38,2653
NSW,Francis Street,211,309,520,7,527
NSW,Frederickton,244,564,808,9,817
NSW,Freemans Reach,411,825,1236,12,1248
NSW,Frenchs Forest,1412,1357,2769,12,2781
NSW,Freshwater,425,357,782,3,785
NSW,Frogmore,19,80,99,0,99
NSW,Galong,52,88,140,1,141
NSW,Galore,21,91,112,0,112
NSW,Galston,683,1021,1704,14,1718
NSW,Ganmain,97,369,466,1,467
NSW,Garah,32,138,170,3,173
NSW,Garden Suburb,703,746,1449,5,1454
NSW,Gardeners Road,261,187,448,8,456
NSW,Gateshead,615,742,1357,11,1368
NSW,Gateshead West,528,736,1264,10,1274
NSW,Georges Hall,1446,1706,3152,39,3191
NSW,Georgetown,527,555,1082,5,1087
NSW,Gerogery,93,181,274,1,275
NSW,Gerringong,689,663,1352,10,1362
NSW,Gerroa,114,134,248,0,248
NSW,Geurie,97,343,440,0,440
NSW,Ghinni Ghinni,28,50,78,0,78
NSW,Gilchrist Park,553,576,1129,11,1140
NSW,Gilgai,72,288,360,1,361
NSW,Gilgandra,454,1442,1896,13,1909
NSW,Gillieston Heights,142,282,424,5,429
NSW,Gillwinga,278,367,645,2,647
NSW,Girraween,1011,1128,2139,34,2173
NSW,Gladesville,1702,1259,2961,35,2996
NSW,Gladesville Central,307,282,589,4,593
NSW,Gladesville East,173,147,320,2,322
NSW,Gladesville North,939,830,1769,23,1792
NSW,Gladesville West,523,431,954,5,959
NSW,Gladstone,160,405,565,3,568
NSW,Gladstone Park,1044,394,1438,5,1443
NSW,Glebe,1010,457,1467,24,1491
NSW,Glebe East,906,463,1369,15,1384
NSW,Glebe North,708,267,975,7,982
NSW,Glen Alice,10,53,63,1,64
NSW,Glen Innes,566,1471,2037,12,2049
NSW,Glen Innes Hospital,122,400,522,2,524
NSW,Glen Innes West,377,1257,1634,15,1649
NSW,Glen William,25,80,105,0,105
NSW,Glenbrook,1107,1038,2145,16,2161
NSW,Glencoe,30,91,121,0,121
NSW,Glendale,163,230,393,2,395
NSW,Glendale East,686,859,1545,16,1561
NSW,Glendenning,1024,1237,2261,25,2286
NSW,Glendon,48,122,170,1,171
NSW,Glendon Brook,40,99,139,1,140
NSW,Glenfield,1064,1286,2350,29,2379
NSW,Glenfield East,675,737,1412,16,1428
NSW,Glenfield Park,610,1180,1790,9,1799
NSW,Glenhaven,1113,1377,2490,16,2506
NSW,Gleniffer,76,69,145,2,147
NSW,Glenmore,1621,707,2328,15,2343
NSW,Glenmore Park,1221,1582,2803,23,2826
NSW,Glenorie,611,959,1570,19,1589
NSW,Glenquarry,45,59,104,1,105
NSW,Glenreagh,151,285,436,8,444
NSW,Glenroi,593,1233,1826,14,1840
NSW,Glenroy,872,1307,2179,17,2196
NSW,Glenwood,1199,1328,2527,37,2564
NSW,Glossodia,444,920,1364,11,1375
NSW,Gloucester,448,1360,1808,8,1816
NSW,Gloucester Hospital,117,284,401,0,401
NSW,Gol Gol,126,331,457,5,462
NSW,Gollan,24,62,86,0,86
NSW,Goolgowi,70,210,280,2,282
NSW,Goolma,24,113,137,0,137
NSW,Goolmangar,184,239,423,4,427
NSW,Gooloogong,44,190,234,1,235
NSW,Goonellabah,1002,1477,2479,14,2493
NSW,Goonellabah South,698,1146,1844,9,1853
NSW,Goonengerry,81,39,120,2,122
NSW,Gordon,1859,1368,3227,30,3257
NSW,Gordon East,1258,777,2035,12,2047
NSW,Gordon West,969,735,1704,12,1716
NSW,Gorokan,610,900,1510,11,1521
NSW,Gorokan North,1071,1606,2677,20,2697
NSW,Gosford,449,599,1048,14,1062
NSW,Gosford East,1217,1507,2724,23,2747
NSW,Gosford West,536,718,1254,9,1263
NSW,Gosling Park,679,929,1608,18,1626
NSW,Goulburn,811,1056,1867,17,1884
NSW,Goulburn East,275,389,664,4,668
NSW,Goulburn High,1096,1488,2584,11,2595
NSW,Goulburn North,650,1006,1656,12,1668
NSW,Goulburn South,943,1645,2588,20,2608
NSW,Goulburn West,606,1029,1635,9,1644
NSW,Governor Phillip King,999,789,1788,19,1807
NSW,Grabben Gullen,38,155,193,1,194
NSW,Grafton,780,1176,1956,21,1977
NSW,Grafton East,562,914,1476,16,1492
NSW,Grafton Hospital,119,199,318,1,319
NSW,Grafton North,692,1268,1960,11,1971
NSW,Grafton South,364,811,1175,11,1186
NSW,Grahamstown,300,413,713,6,719
NSW,Gralee,344,707,1051,11,1062
NSW,Graman,15,59,74,0,74
NSW,Grantham,778,1022,1800,21,1821
NSW,Grantham Heights,742,937,1679,14,1693
NSW,Granville,1595,1793,3388,86,3474
NSW,Granville North,423,381,804,12,816
NSW,Granville South,751,907,1658,34,1692
NSW,Gravesend,28,154,182,0,182
NSW,Grays Point,859,714,1573,8,1581
NSW,Green Point,347,479,826,4,830
NSW,Green Point Wallis Lake,110,141,251,0,251
NSW,Green Valley,1855,1737,3592,42,3634
NSW,Greenacre,2036,2127,4163,80,4243
NSW,Greenacre West,482,547,1029,37,1066
NSW,Greenethorpe,67,172,239,5,244
NSW,Greenland,51,112,163,1,164
NSW,Greenway Park,291,290,581,4,585
NSW,Greenwell Point,330,529,859,10,869
NSW,Greenwich,1228,659,1887,6,1893
NSW,Greenwich North,439,199,638,5,643
NSW,Grenfell,398,1347,1745,17,1762
NSW,Gresford,205,367,572,3,575
NSW,Greta,470,795,1265,12,1277
NSW,Grevillia,36,134,170,0,170
NSW,Greystanes,1664,1736,3400,51,3451
NSW,Greystanes North,1135,1317,2452,36,2488
NSW,Griffith,1070,1771,2841,51,2892
NSW,Griffith East,546,775,1321,15,1336
NSW,Griffith North,704,1125,1829,17,1846
NSW,Griffith West,535,848,1383,15,1398
NSW,Grong Grong,53,133,186,2,188
NSW,Grose View,198,255,453,2,455
NSW,Guildford,971,1141,2112,38,2150
NSW,Guildford East,781,1193,1974,33,2007
NSW,Guildford West,1168,1475,2643,36,2679
NSW,Guise,441,803,1244,24,1268
NSW,Gulargambone,99,345,444,0,444
NSW,Gulgong,652,1269,1921,9,1930
NSW,Gulmarrad,170,214,384,3,387
NSW,Gum Flat,25,45,70,2,72
NSW,Gumly Gumly,81,220,301,4,305
NSW,Gundagai,400,739,1139,12,1151
NSW,Gundagai South,141,307,448,3,451
NSW,Gundaroo,262,163,425,4,429
NSW,Gundurimba South,32,86,118,0,118
NSW,Gundy,37,122,159,1,160
NSW,Gunnedah,996,2305,3301,20,3321
NSW,Gunnedah High,304,632,936,2,938
NSW,Gunnedah South,284,682,966,5,971
NSW,Gunning,183,322,505,3,508
NSW,Gurley,14,87,101,0,101
NSW,Guyra,340,1275,1615,6,1621
NSW,Gwabegar,38,112,150,1,151
NSW,Gwandalan,585,814,1399,10,1409
NSW,Gwynneville,765,606,1371,11,1382
NSW,Gymea,1406,1481,2887,27,2914
NSW,Gymea North,485,596,1081,9,1090
NSW,Gymea South,1786,1783,3569,17,3586
NSW,Haberfield,980,597,1577,28,1605
NSW,Haberfield West,618,393,1011,16,1027
NSW,Hallidays Point,289,280,569,1,570
NSW,Hallsville,45,175,220,0,220
NSW,Hambledon,781,987,1768,7,1775
NSW,Hamilton,1018,626,1644,16,1660
NSW,Hamilton Central,816,553,1369,9,1378
NSW,Hamilton North,352,282,634,10,644
NSW,Hamilton South,1411,870,2281,17,2298
NSW,Hammondville,636,940,1576,20,1596
NSW,Hampton,35,87,122,0,122
NSW,Hannam Vale,83,134,217,1,218
NSW,Hannans Road,1267,1412,2679,31,2710
NSW,Hanwood,396,568,964,13,977
NSW,Harbison Village,182,288,470,5,475
NSW,Harbord,1634,1438,3072,32,3104
NSW,Harcourt,1880,1443,3323,34,3357
NSW,Harcourt Central,915,583,1498,24,1522
NSW,Harcourt North,367,330,697,10,707
NSW,Harden,382,685,1067,6,1073
NSW,Hardys Bay,165,132,297,1,298
NSW,Hargraves,34,135,169,1,170
NSW,Harrington,396,637,1033,7,1040
NSW,Harrington Park,326,484,810,6,816
NSW,Harrington Street,1760,1651,3411,96,3507
NSW,Harris Park,481,364,845,21,866
NSW,Hartley,107,198,305,4,309
NSW,Harwood Island,96,205,301,1,302
NSW,Hassall Grove,1386,1603,2989,33,3022
NSW,Hastings Point,118,185,303,2,305
NSW,Hat Head,94,132,226,2,228
NSW,Hatfield,3,27,30,0,30
NSW,Hawkins Village,413,748,1161,5,1166
NSW,Hawks Nest,377,493,870,7,877
NSW,Hay,525,830,1355,15,1370
NSW,Hay Hospital,148,409,557,4,561
NSW,Hayes Park,1058,1342,2400,23,2423
NSW,Hazelbrook,1204,1085,2289,19,2308
NSW,Heathcote,972,1097,2069,15,2084
NSW,Heathcote East,617,692,1309,10,1319
NSW,Hebersham,847,1227,2074,23,2097
NSW,Heckenberg,776,1103,1879,24,1903
NSW,Heddon Greta,304,439,743,9,752
NSW,Helensburgh,1173,1170,2343,14,2357
NSW,Helensburgh North,388,373,761,3,764
NSW,Henry Kendall,273,350,623,1,624
NSW,Henty,165,500,665,2,667
NSW,Hermitage,248,380,628,6,634
NSW,Herons Creek,56,90,146,1,147
NSW,Hexham,12,43,55,1,56
NSW,Hibbard,336,553,889,6,895
NSW,Hill End,28,55,83,0,83
NSW,Hillgrove,22,64,86,3,89
NSW,Hillsborough,750,853,1603,13,1616
NSW,Hillsdale,1685,1275,2960,34,2994
NSW,Hillside Central,123,165,288,1,289
NSW,Hillston,247,587,834,5,839
NSW,Hilltop,389,603,992,8,1000
NSW,Hilltop Road,1656,2199,3855,58,3913
NSW,Hillvue,1013,2108,3121,23,3144
NSW,Hinchinbrook,1655,1653,3308,45,3353
NSW,Hinton,172,366,538,2,540
NSW,Hobartville,682,1137,1819,19,1838
NSW,Holbrook,361,858,1219,9,1228
NSW,Holdsworth,563,390,953,4,957
NSW,Holgate,318,334,652,2,654
NSW,Hollisdale,32,58,90,0,90
NSW,Holroyd,516,666,1182,16,1198
NSW,Holsworthy,568,610,1178,13,1191
NSW,Homebush,1266,1050,2316,21,2337
NSW,Homebush North,306,231,537,9,546
NSW,Homebush South,398,310,708,6,714
NSW,Hopetoun,164,434,598,5,603
NSW,Hornsby,1037,863,1900,23,1923
NSW,Hornsby Heights,1490,1289,2779,15,2794
NSW,Hornsby Hospital,164,164,328,8,336
NSW,Hornsby North,916,906,1822,21,1843
NSW,Hornsby South,1926,1564,3490,32,3522
NSW,Hornsby West,516,401,917,5,922
NSW,Horseshoe Creek,57,94,151,2,153
NSW,Horsley Park,546,711,1257,25,1282
NSW,Howlong,444,853,1297,10,1307
NSW,Hoxton Park,672,845,1517,15,1532
NSW,Hume,575,947,1522,7,1529
NSW,Humula,16,81,97,0,97
NSW,Hunters Hill,911,682,1593,8,1601
NSW,Hunters Hill West,658,487,1145,10,1155
NSW,Huntingdon,60,139,199,2,201
NSW,Hurlstone Park,1309,809,2118,25,2143
NSW,Hurstville,1616,1031,2647,22,2669
NSW,Hurstville Central,787,664,1451,18,1469
NSW,Hurstville East,842,661,1503,19,1522
NSW,Hurstville Grove,1241,1110,2351,22,2373
NSW,Hurstville North,1157,1099,2256,24,2280
NSW,Hurstville South,177,212,389,2,391
NSW,Huskisson,435,600,1035,8,1043
NSW,Hyams Beach,47,41,88,0,88
NSW,Hyde Park,1471,1285,2756,34,2790
NSW,Ilford,55,136,191,1,192
NSW,Illabo,20,141,161,0,161
NSW,Illaroo,1080,1589,2669,21,2690
NSW,Illawong,1636,1511,3147,27,3174
NSW,Iluka,412,744,1156,6,1162
NSW,Infants Home,330,168,498,2,500
NSW,Ingleburn,1704,2339,4043,48,4091
NSW,Ingleburn High,527,691,1218,11,1229
NSW,Ingleburn North,222,292,514,5,519
NSW,Inverell,706,2029,2735,16,2751
NSW,Inverell East,354,1166,1520,6,1526
NSW,Islington,327,343,670,6,676
NSW,Jamberoo,547,479,1026,8,1034
NSW,Jamisontown,680,1049,1729,17,1746
NSW,Jannali East,851,915,1766,15,1781
NSW,Jannali West,527,627,1154,9,1163
NSW,Jasper Road,2272,2513,4785,38,4823
NSW,Jennings,35,74,109,2,111
NSW,Jenolan Caves,9,21,30,0,30
NSW,Jerangle,13,48,61,0,61
NSW,Jerilderie,199,549,748,7,755
NSW,Jerrabomberra,1295,874,2169,13,2182
NSW,Jerrys Plains,51,164,215,2,217
NSW,Jesmond,405,428,833,6,839
NSW,Jesmond North,600,632,1232,4,1236
NSW,Jewells,991,1019,2010,20,2030
NSW,Jiggi,126,106,232,7,239
NSW,Jilliby,165,224,389,1,390
NSW,Jindabyne,650,538,1188,12,1200
NSW,Jindera,295,662,957,6,963
NSW,Jingellic,40,82,122,0,122
NSW,John Purchase,2205,1631,3836,27,3863
NSW,Johns River,48,157,205,2,207
NSW,Jubilee,1678,1399,3077,38,3115
NSW,Jugiong,82,189,271,3,274
NSW,Junction Hill,279,452,731,2,733
NSW,Junee,689,1764,2453,16,2469
NSW,Kahibah,1005,990,1995,10,2005
NSW,Kambora,482,355,837,3,840
NSW,Kandos,362,684,1046,10,1056
NSW,Kangaloon,62,63,125,1,126
NSW,Kangaroo Valley,302,388,690,1,691
NSW,Kanwal,1037,1579,2616,28,2644
NSW,Kapooka,58,76,134,1,135
NSW,Karangi,187,199,386,0,386
NSW,Kareela,1178,1134,2312,25,2337
NSW,Kariong,1235,1643,2878,15,2893
NSW,Karuah,324,566,890,3,893
NSW,Katoomba,362,277,639,8,647
NSW,Katoomba High,306,296,602,4,606
NSW,Katoomba Hospital,106,81,187,1,188
NSW,Katoomba North,521,712,1233,13,1246
NSW,Katoomba Street,929,744,1673,22,1695
NSW,Kearsley,221,384,605,2,607
NSW,Kegworth,1010,472,1482,15,1497
NSW,Keiraville,1463,1208,2671,31,2702
NSW,Kellyville,1875,2462,4337,42,4379
NSW,Kelso,1033,1503,2536,20,2556
NSW,Kelvin,26,97,123,0,123
NSW,Kemblawarra,653,532,1185,10,1195
NSW,Kemps Creek,534,874,1408,18,1426
NSW,Kempsey,367,827,1194,14,1208
NSW,Kempsey East,283,666,949,9,958
NSW,Kempsey High,430,1078,1508,1,1509
NSW,Kempsey Hospital,62,141,203,4,207
NSW,Kempsey South,330,685,1015,4,1019
NSW,Kempsey West,311,646,957,3,960
NSW,Kendall,315,420,735,0,735
NSW,Kensington,1076,649,1725,15,1740
NSW,Kensington Park,969,700,1669,29,1698
NSW,Kensington West,1233,844,2077,22,2099
NSW,Kent Road,1237,1117,2354,35,2389
NSW,Kenthurst,1058,1426,2484,17,2501
NSW,Kentlyn,349,488,837,3,840
NSW,Kentucky,64,123,187,1,188
NSW,Kew,109,199,308,1,309
NSW,Khancoban,125,165,290,4,294
NSW,Kiama,1565,1542,3107,30,3137
NSW,Kiama Downs,816,645,1461,9,1470
NSW,Kiama South,364,291,655,2,657
NSW,Kilaben Bay,359,423,782,2,784
NSW,Killabakh,115,192,307,1,308
NSW,Killara,890,771,1661,5,1666
NSW,Killara East,1227,826,2053,18,2071
NSW,Killarney Heights,893,797,1690,15,1705
NSW,Killarney Vale,593,842,1435,12,1447
NSW,Killarney Vale South,1461,2156,3617,42,3659
NSW,Killingworth,153,222,375,5,380
NSW,Kilvinton,71,205,276,3,279
NSW,Kinchela,23,81,104,0,104
NSW,Kincumber,1151,1381,2532,19,2551
NSW,Kincumber Central,577,680,1257,4,1261
NSW,Kings Creek,109,160,269,1,270
NSW,Kings Cross,1406,429,1835,21,1856
NSW,Kings Langley,1039,1088,2127,24,2151
NSW,Kings Langley North,1589,1355,2944,35,2979
NSW,Kings Park,608,706,1314,17,1331
NSW,Kingscliff,1255,1418,2673,16,2689
NSW,Kingsford,396,249,645,3,648
NSW,Kingsford South,1006,782,1788,29,1817
NSW,Kingsgrove,1079,886,1965,18,1983
NSW,Kingsgrove North,487,409,896,15,911
NSW,Kingsgrove South,630,621,1251,17,1268
NSW,Kingstown,12,83,95,0,95
NSW,Kingswood,712,989,1701,21,1722
NSW,Kingswood Park,629,1174,1803,14,1817
NSW,Kingswood South,642,908,1550,18,1568
NSW,Kirkconnell,61,73,134,2,136
NSW,Kirrawee,772,1026,1798,12,1810
NSW,Kirrawee South,786,753,1539,6,1545
NSW,Kirribilli,1035,675,1710,10,1720
NSW,Kissing Point,473,441,914,2,916
NSW,Kitchener,171,240,411,2,413
NSW,Kittys Creek,173,142,315,5,320
NSW,Kogarah,566,422,988,5,993
NSW,Kogarah Bay,484,585,1069,12,1081
NSW,Kogarah Central,842,565,1407,9,1416
NSW,Koonawarra,865,1381,2246,26,2272
NSW,Koorawatha,57,173,230,0,230
NSW,Kooringal,1021,1748,2769,16,2785
NSW,Kootingal,306,937,1243,6,1249
NSW,Koraleigh,57,187,244,2,246
NSW,Korora,708,711,1419,10,1429
NSW,Kotara,284,297,581,3,584
NSW,Kotara East,441,401,842,3,845
NSW,Kotara South,910,784,1694,10,1704
NSW,Krambach,92,228,320,1,321
NSW,Kulnura,140,223,363,0,363
NSW,Kundabung,67,131,198,0,198
NSW,Kunghur,79,88,167,1,168
NSW,Kurmond,201,378,579,5,584
NSW,Kurnell,403,781,1184,13,1197
NSW,Kurrajong,776,1102,1878,5,1883
NSW,Kurrajong East,157,318,475,2,477
NSW,Kurrajong Heights,188,199,387,2,389
NSW,Kurri Kurri,700,1178,1878,11,1889
NSW,Kurri Kurri East,671,990,1661,10,1671
NSW,Kyalite,14,51,65,2,67
NSW,Kyeemagh,483,546,1029,14,1043
NSW,Kyogle,721,1500,2221,22,2243
NSW,Kyogle Hospital,126,227,353,6,359
NSW,La Perouse,601,553,1154,10,1164
NSW,Lacmalac,39,58,97,1,98
NSW,Lady Davidson Hospital,74,88,162,0,162
NSW,Ladysmith,63,193,256,3,259
NSW,Laggan,69,165,234,0,234
NSW,Lagoon Street,531,589,1120,7,1127
NSW,Lake Albert,740,1430,2170,16,2186
NSW,Lake Cathie,504,690,1194,8,1202
NSW,Lake Conjola,203,312,515,0,515
NSW,Lake Haven,608,894,1502,9,1511
NSW,Lake Heights,720,626,1346,11,1357
NSW,Lake Illawarra,789,836,1625,16,1641
NSW,Lake Munmorah,1000,1369,2369,19,2388
NSW,Lake Parramatta,604,694,1298,13,1311
NSW,Lake Wyangan,157,257,414,8,422
NSW,Lakelands,800,969,1769,19,1788
NSW,Lakemba,1253,866,2119,26,2145
NSW,Lakemba Central,1090,887,1977,39,2016
NSW,Lakemba North,783,431,1214,33,1247
NSW,Lalor Park,1094,1415,2509,39,2548
NSW,Lambton,1042,1161,2203,12,2215
NSW,Lambton East,525,555,1080,10,1090
NSW,Lane Cove,2260,1340,3600,29,3629
NSW,Lane Cove South,984,621,1605,8,1613
NSW,Lane Cove West,966,828,1794,18,1812
NSW,Lansdowne,233,405,638,3,641
NSW,Lansvale,1125,866,1991,42,2033
NSW,Lansvale East,632,667,1299,13,1312
NSW,Lapstone,609,555,1164,4,1168
NSW,Largs,288,437,725,2,727
NSW,Laurieton,821,1471,2292,18,2310
NSW,Lavington,1107,1927,3034,26,3060
NSW,Lavington East,755,1360,2115,23,2138
NSW,Lawrence,213,352,565,3,568
NSW,Lawson,715,708,1423,10,1433
NSW,Lawson Park,945,1082,2027,33,2060
NSW,Leadville,22,71,93,1,94
NSW,Leeton,821,1577,2398,21,2419
NSW,Leeton Hospital,88,184,272,3,275
NSW,Leeville,88,216,304,6,310
NSW,Legume,32,116,148,2,150
NSW,Leichhardt,2263,1056,3319,53,3372
NSW,Leichhardt East,894,456,1350,12,1362
NSW,Leichhardt South,637,313,950,10,960
NSW,Lemon Tree Passage,535,691,1226,8,1234
NSW,Lennox Head,1289,1139,2428,13,2441
NSW,Leonay,844,959,1803,8,1811
NSW,Leppington,422,731,1153,19,1172
NSW,Letchworth,154,162,316,1,317
NSW,Lethbridge Park,878,1472,2350,39,2389
NSW,Leumeah,950,1466,2416,29,2445
NSW,Leumeah North,604,932,1536,14,1550
NSW,Leura,298,277,575,10,585
NSW,Leura Central,857,670,1527,16,1543
NSW,Lewisham,1508,760,2268,17,2285
NSW,Lidcombe,2367,1683,4050,64,4114
NSW,Lidcombe South,778,802,1580,29,1609
NSW,Lightning Ridge,495,957,1452,8,1460
NSW,Lilli Pilli,684,659,1343,6,1349
NSW,Lilyfield,906,571,1477,12,1489
NSW,Lilyfield North,606,322,928,7,935
NSW,Lindfield,1339,889,2228,13,2241
NSW,Lindfield East,1150,754,1904,10,1914
NSW,Lindfield North,1685,950,2635,19,2654
NSW,Lindfield West,1337,1097,2434,16,2450
NSW,Lindsay Park,1312,1108,2420,19,2439
NSW,Lisarow,809,851,1660,11,1671
NSW,Lismore,1126,1308,2434,44,2478
NSW,Lismore Central,788,886,1674,10,1684
NSW,Lismore East,745,963,1708,11,1719
NSW,Lismore Heights,379,424,803,3,806
NSW,Lismore Hospital,133,193,326,2,328
NSW,Lismore North,224,316,540,1,541
NSW,Lismore South,696,1015,1711,17,1728
NSW,Lismore St Vincents Hospital,262,335,597,5,602
NSW,Liston,43,95,138,0,138
NSW,Lithgow,706,978,1684,20,1704
NSW,Lithgow Hospital,62,62,124,0,124
NSW,Littleton,285,371,656,5,661
NSW,Liverpool,1532,1359,2891,77,2968
NSW,Liverpool North,289,290,579,5,584
NSW,Liverpool South,363,327,690,17,707
NSW,Liverpool West,1767,1547,3314,69,3383
NSW,Llandilo,342,704,1046,21,1067
NSW,Lochinvar,378,681,1059,6,1065
NSW,Lockhart,181,530,711,2,713
NSW,Loftus,1101,1182,2283,11,2294
NSW,Logie Brae,32,55,87,0,87
NSW,Londonderry,622,1265,1887,34,1921
NSW,Long Beach,82,86,168,0,168
NSW,Long Flat,57,117,174,2,176
NSW,Long Jetty,611,1028,1639,18,1657
NSW,Long Jetty East,495,696,1191,12,1203
NSW,Longueville,981,601,1582,10,1592
NSW,Loomberah,33,110,143,0,143
NSW,Lord Howe Island,101,93,194,0,194
NSW,Lorn,582,644,1226,9,1235
NSW,Lorne,38,78,116,0,116
NSW,Lowanna,47,93,140,0,140
NSW,Lower Belford,82,143,225,0,225
NSW,Lowesdale,28,77,105,0,105
NSW,Lucknow,70,134,204,0,204
NSW,Luddenham,112,301,413,5,418
NSW,Lue,30,65,95,0,95
NSW,Lugarno,1449,1666,3115,22,3137
NSW,Lurnea,921,1369,2290,24,2314
NSW,Lyndhurst,44,178,222,1,223
NSW,Lynwood Park,487,781,1268,11,1279
NSW,Lyon Park,832,618,1450,15,1465
NSW,Macarthur High,957,770,1727,21,1748
NSW,Macksville,703,1650,2353,15,2368
NSW,Maclean,640,1107,1747,10,1757
NSW,Maclean Hospital,185,357,542,2,544
NSW,Macmasters Beach,280,221,501,1,502
NSW,Macquarie Fields,1131,1697,2828,25,2853
NSW,Macquarie Fields North,444,677,1121,20,1141
NSW,Madang,274,455,729,3,732
NSW,Maianbar,150,122,272,3,275
NSW,Maimuru,23,49,72,0,72
NSW,Main Arm Upper,69,21,90,2,92
NSW,Maitland,226,362,588,8,596
NSW,Maitland Grossmann High,109,201,310,5,315
NSW,Maitland High,480,638,1118,5,1123
NSW,Maitland Hospital,246,334,580,6,586
NSW,Maitland West,455,600,1055,13,1068
NSW,Majors Creek,94,82,176,2,178
NSW,Malabar,1118,1045,2163,23,2186
NSW,Mallabula,237,337,574,1,575
NSW,Mallanganee,70,169,239,3,242
NSW,Malua Bay,429,389,818,4,822
NSW,Malvern Hill,946,617,1563,6,1569
NSW,Mandurama,49,160,209,1,210
NSW,Mangoplah,39,195,234,2,236
NSW,Mangrove Mountain,183,310,493,7,500
NSW,Manildra,142,390,532,4,536
NSW,Manilla,487,1280,1767,14,1781
NSW,Manly,2360,1728,4088,25,4113
NSW,Manly Central,633,302,935,8,943
NSW,Manly Hospital,176,175,351,6,357
NSW,Manly Vale,1292,1162,2454,10,2464
NSW,Manly West,1201,855,2056,20,2076
NSW,Mannering Park,584,737,1321,9,1330
NSW,Manning Point,67,114,181,0,181
NSW,Manyana,207,148,355,0,355
NSW,Maraylya,264,534,798,9,807
NSW,Marayong,1281,1644,2925,61,2986
NSW,Marayong Heights,679,837,1516,20,1536
NSW,Marayong South,350,617,967,7,974
NSW,Marayong West,1180,1232,2412,27,2439
NSW,March,36,142,178,0,178
NSW,Mardi,362,460,822,2,824
NSW,Marks Point,656,774,1430,8,1438
NSW,Marlee,91,90,181,3,184
NSW,Maroota,79,173,252,3,255
NSW,Maroota South,90,256,346,1,347
NSW,Maroubra,900,754,1654,12,1666
NSW,Maroubra Bay,836,621,1457,16,1473
NSW,Maroubra East,626,611,1237,4,1241
NSW,Maroubra Junction,2570,1909,4479,55,4534
NSW,Marrar,60,208,268,0,268
NSW,Marrickville,2580,1376,3956,65,4021
NSW,Marrickville Central,755,391,1146,13,1159
NSW,Marrickville South,550,269,819,12,831
NSW,Marsden Park,211,335,546,4,550
NSW,Marsden Road,1086,1185,2271,25,2296
NSW,Marsfield,1196,985,2181,20,2201
NSW,Marshall Mount,41,83,124,0,124
NSW,Martindale,32,99,131,2,133
NSW,Martins Creek,63,149,212,1,213
NSW,Martins Gully,304,299,603,3,606
NSW,Martinsville,84,106,190,1,191
NSW,Marton,961,1007,1968,14,1982
NSW,Marulan,146,318,464,3,467
NSW,Maryland,1281,1551,2832,32,2864
NSW,Maryville Wickham,395,437,832,7,839
NSW,Mascot,1029,812,1841,22,1863
NSW,Mascot East,1710,1353,3063,43,3106
NSW,Mascot North,508,406,914,9,923
NSW,Mathoura,165,430,595,9,604
NSW,Matong,25,127,152,0,152
NSW,Matraville,706,676,1382,21,1403
NSW,Matthew Pearce,767,714,1481,10,1491
NSW,Mayfield,822,1014,1836,17,1853
NSW,Mayfield East,613,745,1358,9,1367
NSW,Mayfield South,845,1145,1990,18,2008
NSW,Mayfield West,1130,1428,2558,29,2587
NSW,Mayflower,77,172,249,2,251
NSW,Mayrung,32,78,110,3,113
NSW,McGraths Hill,371,660,1031,7,1038
NSW,Mccallums Hill,1800,1702,3502,50,3552
NSW,Mcleans Ridges,21,39,60,0,60
NSW,Mcmahons Point,1271,569,1840,17,1857
NSW,Meadow Flat,51,112,163,1,164
NSW,Meadowbank,626,472,1098,6,1104
NSW,Medlow,75,121,196,1,197
NSW,Medlow Bath,174,198,372,4,376
NSW,Medowie,646,952,1598,15,1613
NSW,Meerschaum Vale,93,136,229,1,230
NSW,Melrose,421,439,860,1,861
NSW,Menai,1044,1029,2073,22,2095
NSW,Menai Central,991,817,1808,9,1817
NSW,Menai North,769,609,1378,9,1387
NSW,Menangle,179,371,550,4,554
NSW,Mendooran,84,357,441,1,442
NSW,Merewether,474,490,964,9,973
NSW,Merewether Heights,742,557,1299,6,1305
NSW,Merewether South,1397,917,2314,15,2329
NSW,Merewether West,597,418,1015,4,1019
NSW,Merimbula,891,1088,1979,19,1998
NSW,Merriwa,282,641,923,3,926
NSW,Merriwagga,23,87,110,0,110
NSW,Merrylands,815,1084,1899,25,1924
NSW,Merrylands East,909,1027,1936,25,1961
NSW,Merrylands North,1122,1120,2242,27,2269
NSW,Merrylands West,249,288,537,0,537
NSW,Metella Road,1576,1843,3419,50,3469
NSW,Metford,731,1164,1895,18,1913
NSW,Michelago,93,115,208,0,208
NSW,Middle Dural,386,588,974,10,984
NSW,Middle Harbour,952,650,1602,11,1613
NSW,Milbrodale,76,183,259,2,261
NSW,Milbrulong,19,53,72,0,72
NSW,Miller,724,968,1692,27,1719
NSW,Millers Forest,112,162,274,0,274
NSW,Millers Point,485,353,838,11,849
NSW,Millfield,113,253,366,2,368
NSW,Millthorpe,237,445,682,5,687
NSW,Milperra,1042,1589,2631,17,2648
NSW,Milsons Point,416,232,648,2,650
NSW,Milton,562,846,1408,5,1413
NSW,Milvale,15,69,84,0,84
NSW,Mimosa,1252,1042,2294,12,2306
NSW,Minchinbury,1262,1390,2652,25,2677
NSW,Minmi,192,290,482,5,487
NSW,Minnamurra,921,871,1792,17,1809
NSW,Minto,881,1402,2283,42,2325
NSW,Miranda,1158,1225,2383,18,2401
NSW,Miranda Central,612,749,1361,15,1376
NSW,Miranda North,891,1149,2040,18,2058
NSW,Mirrool,18,74,92,0,92
NSW,Missabotti,54,61,115,0,115
NSW,Mitchell Campus,79,50,129,0,129
NSW,Mitchells Island,74,152,226,2,228
NSW,Mittagong,1110,1380,2490,13,2503
NSW,Mittagong South,366,456,822,4,826
NSW,Moama,669,1469,2138,17,2155
NSW,Modanville,118,161,279,1,280
NSW,Model Farms,1021,1197,2218,14,2232
NSW,Mogo,136,163,299,5,304
NSW,Mole Crossing,34,50,84,0,84
NSW,Mollymook,689,808,1497,7,1504
NSW,Molong,386,939,1325,16,1341
NSW,Mona Vale,2258,2379,4637,22,4659
NSW,Mona Vale Beach,692,685,1377,10,1387
NSW,Mona Vale Hospital,334,376,710,7,717
NSW,Mona Vale North,484,480,964,5,969
NSW,Monteagle,23,93,116,0,116
NSW,Montefiores,68,185,253,0,253
NSW,Monterey,1147,1106,2253,21,2274
NSW,Monterey Street,153,181,334,3,337
NSW,Mooball,62,106,168,1,169
NSW,Moonan Flat,59,120,179,1,180
NSW,Moonbi,107,380,487,6,493
NSW,Moonee Beach,384,472,856,1,857
NSW,Mooney Mooney,131,139,270,8,278
NSW,Moor Creek,147,256,403,4,407
NSW,Moorebank,1783,2251,4034,41,4075
NSW,Moorefield,432,476,908,12,920
NSW,Moorland,90,233,323,2,325
NSW,Moree,627,1619,2246,23,2269
NSW,Moree East,394,1168,1562,9,1571
NSW,Moree West,371,961,1332,11,1343
NSW,Morisset,628,972,1600,25,1625
NSW,Morongla Creek,34,159,193,2,195
NSW,Morpeth,382,574,956,7,963
NSW,Mortdale Central,1083,1176,2259,24,2283
NSW,Mortdale East,560,522,1082,9,1091
NSW,Mortdale Heights,487,556,1043,8,1051
NSW,Mortdale West,993,1027,2020,17,2037
NSW,Mortlake,1076,960,2036,11,2047
NSW,Morts Estate,173,250,423,2,425
NSW,Morundah,13,42,55,0,55
NSW,Moruya,1209,1507,2716,25,2741
NSW,Morven,24,55,79,0,79
NSW,Mosman,2796,1729,4525,25,4550
NSW,Mosman Bay,1534,972,2506,11,2517
NSW,Mosman West,312,316,628,2,630
NSW,Moss Vale,406,721,1127,12,1139
NSW,Moss Vale Central,947,1421,2368,11,2379
NSW,Moulamein,128,312,440,6,446
NSW,Mount Annan,1086,1306,2392,17,2409
NSW,Mount Austin,711,1554,2265,22,2287
NSW,Mount Brown,808,1167,1975,11,1986
NSW,Mount Colah,1365,1352,2717,24,2741
NSW,Mount Druitt Hospital,219,279,498,7,505
NSW,Mount Druitt North,746,986,1732,27,1759
NSW,Mount Druitt South,1216,1492,2708,44,2752
NSW,Mount George,46,159,205,2,207
NSW,Mount Hunter,185,327,512,2,514
NSW,Mount Hutton,806,932,1738,17,1755
NSW,Mount Kanwary,63,119,182,1,183
NSW,Mount Keira,586,445,1031,3,1034
NSW,Mount Kembla,326,268,594,3,597
NSW,Mount Kuring-Gai,570,540,1110,8,1118
NSW,Mount Lewis,712,851,1563,40,1603
NSW,Mount Ousley,1104,857,1961,13,1974
NSW,Mount Pritchard,1391,1734,3125,50,3175
NSW,Mount Pritchard East,837,1063,1900,21,1921
NSW,Mount Riverview,840,895,1735,4,1739
NSW,Mount Saint Thomas,1085,892,1977,12,1989
NSW,Mount Terry,499,625,1124,10,1134
NSW,Mount Victoria,225,240,465,2,467
NSW,Mount Warrigal,1232,1248,2480,32,2512
NSW,Mount White,56,49,105,1,106
NSW,Mount Wilson,41,42,83,0,83
NSW,Mowbray,983,674,1657,11,1668
NSW,Mowll,105,309,414,3,417
NSW,Mudgee,747,1414,2161,12,2173
NSW,Mudgee High School,618,1279,1897,15,1912
NSW,Mudgee South,684,1237,1921,9,1930
NSW,Muirfield,692,583,1275,11,1286
NSW,Mulbring,233,355,588,4,592
NSW,Mulgoa,390,640,1030,8,1038
NSW,Mullaley,51,175,226,2,228
NSW,Mullaway,543,648,1191,11,1202
NSW,Mullengandra,45,83,128,1,129
NSW,Mullion Creek,92,174,266,1,267
NSW,Mullumbimby,1442,1209,2651,61,2712
NSW,Mulwala,406,790,1196,3,1199
NSW,Mumbil,28,132,160,1,161
NSW,Mungindi,124,304,428,3,431
NSW,Murrami,30,105,135,2,137
NSW,Murray Downs,70,138,208,1,209
NSW,Murray Farm,1895,1576,3471,18,3489
NSW,Murringo,50,111,161,2,163
NSW,Murrumbateman,514,474,988,6,994
NSW,Murrumburrah,155,333,488,4,492
NSW,Murrurundi,197,442,639,6,645
NSW,Murwillumbah,1331,1738,3069,24,3093
NSW,Murwillumbah South,409,651,1060,12,1072
NSW,Muswellbrook,468,738,1206,10,1216
NSW,Muswellbrook East,497,722,1219,5,1224
NSW,Muswellbrook North,801,1233,2034,14,2048
NSW,Muswellbrook South,434,881,1315,8,1323
NSW,Mylestom,172,239,411,7,418
NSW,Nabiac,298,575,873,6,879
NSW,Nagle Park,1070,904,1974,22,1996
NSW,Nambucca Heads,1183,1769,2952,20,2972
NSW,Nana Glen,213,361,574,7,581
NSW,Nangus,25,105,130,2,132
NSW,Narara,431,630,1061,5,1066
NSW,Narara South,732,821,1553,10,1563
NSW,Narellan,696,1298,1994,23,2017
NSW,Narellan Vale,1385,1882,3267,29,3296
NSW,Naremburn,1822,976,2798,25,2823
NSW,Narooma,780,1193,1973,12,1985
NSW,Narrabeen,1091,1030,2121,21,2142
NSW,Narrabeen North,1510,1484,2994,38,3032
NSW,Narrabri,624,1609,2233,13,2246
NSW,Narrabri West,242,876,1118,5,1123
NSW,Narrandera,477,1401,1878,12,1890
NSW,Narrandera East,187,409,596,0,596
NSW,Narrandera West,96,256,352,2,354
NSW,Narraweena,1706,2121,3827,56,3883
NSW,Narwee,1324,1298,2622,33,2655
NSW,Nashdale,105,190,295,2,297
NSW,Nazareth House,67,131,198,0,198
NSW,Neath,73,157,230,0,230
NSW,Nelligen,87,131,218,1,219
NSW,Nelson Bay,514,666,1180,10,1190
NSW,Nelson Bay Central,418,495,913,3,916
NSW,Nelson Bay East,148,243,391,2,393
NSW,Nelson Bay West,203,211,414,7,421
NSW,Nemingha,194,512,706,3,709
NSW,Nepean High,720,989,1709,12,1721
NSW,Nepean Hospital,138,273,411,0,411
NSW,Neurea,17,27,44,0,44
NSW,Neutral Bay,2606,1540,4146,30,4176
NSW,Neutral Bay West,679,345,1024,4,1028
NSW,Neville,29,93,122,0,122
NSW,New Berrima,101,183,284,0,284
NSW,New Lambton,1647,1410,3057,20,3077
NSW,New Lambton Central,508,567,1075,5,1080
NSW,New Lambton Heights,377,249,626,5,631
NSW,New Lambton South,747,795,1542,21,1563
NSW,Newbridge,52,78,130,0,130
NSW,Newbridge Heights,997,1166,2163,32,2195
NSW,Newcastle,718,435,1153,10,1163
NSW,Newington,636,369,1005,12,1017
NSW,Newport,1058,1121,2179,7,2186
NSW,Newport Beach,1134,900,2034,15,2049
NSW,Newrybar,249,206,455,4,459
NSW,Newtown East,357,94,451,3,454
NSW,Newtown North,1986,508,2494,27,2521
NSW,Newville,300,509,809,4,813
NSW,Niagara Park,1418,1651,3069,26,3095
NSW,Niangala,26,77,103,0,103
NSW,Nimbin,617,328,945,26,971
NSW,Nimmitabel,112,198,310,1,311
NSW,Noller Park,391,365,756,9,765
NSW,Norah Head,454,443,897,5,902
NSW,Nords Wharf,230,273,503,4,507
NSW,Normanhurst,1141,1040,2181,13,2194
NSW,Normanhurst North,745,670,1415,7,1422
NSW,Normanhurst West,1150,942,2092,7,2099
NSW,North Arm Cove,92,167,259,0,259
NSW,North Balgowlah,952,876,1828,11,1839
NSW,North Haven,494,951,1445,12,1457
NSW,North Manly,543,571,1114,15,1129
NSW,North Nowra,281,489,770,3,773
NSW,North Richmond,1019,1919,2938,27,2965
NSW,North Rocks Road,1543,1521,3064,11,3075
NSW,North Rothbury,117,146,263,2,265
NSW,North Star,24,163,187,3,190
NSW,North Sydney,989,495,1484,7,1491
NSW,Northbridge,714,460,1174,9,1183
NSW,Northbridge East,1404,799,2203,19,2222
NSW,Northmead,1537,1907,3444,22,3466
NSW,Northmead High,767,856,1623,15,1638
NSW,Nowendoc,15,62,77,1,78
NSW,Nowra,837,1384,2221,10,2231
NSW,Nowra Centre,479,701,1180,14,1194
NSW,Nowra East,692,1322,2014,23,2037
NSW,Nowra Hill,90,190,280,1,281
NSW,Nowra Hospital,125,146,271,3,274
NSW,Nowra South,167,354,521,7,528
NSW,Nulkaba,184,286,470,6,476
NSW,Numeralla,50,94,144,1,145
NSW,Nundle,95,303,398,7,405
NSW,Nymboida,54,67,121,1,122
NSW,O'Connell,95,140,235,1,236
NSW,O.L.C. Home,281,382,663,6,669
NSW,Oak Flats,1508,1793,3301,41,3342
NSW,Oak Flats East,474,487,961,10,971
NSW,Oakdale,343,563,906,11,917
NSW,Oakey Park,92,125,217,5,222
NSW,Oakhill Drive,1329,994,2323,11,2334
NSW,Oaklands,62,194,256,2,258
NSW,Oakville,426,895,1321,12,1333
NSW,Oatlands,1162,1365,2527,19,2546
NSW,Oatley,1511,1447,2958,19,2977
NSW,Oatley West,1226,1151,2377,12,2389
NSW,Oberon,609,1321,1930,31,1961
NSW,Ocean Beach,1135,1466,2601,12,2613
NSW,Ocean Shores,1131,814,1945,28,1973
NSW,Ocean View Park,1754,1490,3244,38,3282
NSW,Old Bar,925,1153,2078,9,2087
NSW,Old Guildford,461,541,1002,16,1018
NSW,Old Toongabbie,2279,2494,4773,50,4823
NSW,Oldfield Road,801,848,1649,20,1669
NSW,Orange,910,1373,2283,26,2309
NSW,Orange East,707,1149,1856,16,1872
NSW,Orange Hospital,172,323,495,6,501
NSW,Orange North,166,323,489,4,493
NSW,Orange South,625,1095,1720,16,1736
NSW,Orange West,1339,1995,3334,31,3365
NSW,Orangeville,120,314,434,3,437
NSW,Orchard Hills,340,552,892,5,897
NSW,Orient Point,204,282,486,1,487
NSW,Otford,114,81,195,2,197
NSW,Ourimbah,946,1017,1963,16,1979
NSW,Oxley Island,53,80,133,1,134
NSW,Oxley Park,1004,1473,2477,31,2508
NSW,Oxley Vale,495,1010,1505,11,1516
NSW,Oyster Bay,1098,1067,2165,14,2179
NSW,Pacific Palms,433,485,918,10,928
NSW,Paddington,765,404,1169,7,1176
NSW,Paddington North,389,150,539,6,545
NSW,Paddington South,1280,622,1902,17,1919
NSW,Padstow,1768,2023,3791,51,3842
NSW,Padstow East,698,833,1531,20,1551
NSW,Padstow North,216,302,518,4,522
NSW,Padstow South,1224,1528,2752,31,2783
NSW,Pagewood,387,329,716,15,731
NSW,Pallamallawa,78,264,342,2,344
NSW,Palm Beach,535,462,997,8,1005
NSW,Palmers Island,215,382,597,6,603
NSW,Pambula,621,699,1320,11,1331
NSW,Panania,486,654,1140,12,1152
NSW,Panania Central,646,989,1635,23,1658
NSW,Panania North,911,1109,2020,15,2035
NSW,Panania South,1384,1854,3238,31,3269
NSW,Parkes Street,789,647,1436,11,1447
NSW,Parklands,999,628,1627,16,1643
NSW,Parkview,287,660,947,12,959
NSW,Parramatta,1271,928,2199,25,2224
NSW,Parramatta East,527,612,1139,14,1153
NSW,Parramatta High,188,135,323,3,326
NSW,Parramatta North,854,783,1637,17,1654
NSW,Parry Park,82,117,199,2,201
NSW,Parsley Bay,286,250,536,4,540
NSW,Paterson,172,279,451,2,453
NSW,Patonga,77,99,176,0,176
NSW,Paxton,113,276,389,4,393
NSW,Peakhurst,203,273,476,7,483
NSW,Peakhurst East,802,872,1674,18,1692
NSW,Peakhurst South,800,1030,1830,13,1843
NSW,Peakhurst West,1244,1459,2703,20,2723
NSW,Pearl Beach,187,142,329,3,332
NSW,Peats Ridge,105,152,257,0,257
NSW,Peel,41,52,93,2,95
NSW,Peel High,419,1223,1642,14,1656
NSW,Pelaw Main,214,333,547,5,552
NSW,Pelican,341,404,745,3,748
NSW,Pembrooke,38,114,152,1,153
NSW,Pendle Hill,1056,1311,2367,35,2402
NSW,Pendle Hill Central,124,151,275,9,284
NSW,Pendle Hill North,175,270,445,1,446
NSW,Pendle Hill South,884,1117,2001,33,2034
NSW,Pennant Hills,1835,1391,3226,25,3251
NSW,Penrith,655,902,1557,16,1573
NSW,Penrith Central,451,582,1033,16,1049
NSW,Penrith East,649,860,1509,14,1523
NSW,Penrith North,264,415,679,6,685
NSW,Penrith South,1294,2039,3333,40,3373
NSW,Penrose,52,74,126,0,126
NSW,Penshurst,664,680,1344,20,1364
NSW,Penshurst Central,1110,955,2065,21,2086
NSW,Perisher Valley,13,9,22,1,23
NSW,Perthville,169,327,496,8,504
NSW,Peters Corner,1655,1137,2792,28,2820
NSW,Petersham,1472,771,2243,33,2276
NSW,Petersham East,396,237,633,12,645
NSW,Petersham North,284,91,375,1,376
NSW,Picnic Point North,922,1154,2076,10,2086
NSW,Picton,859,1254,2113,15,2128
NSW,Piggabeen,237,344,581,3,584
NSW,Pilliga,24,123,147,0,147
NSW,Pimlico,44,88,132,3,135
NSW,Pine Ridge,27,61,88,1,89
NSW,Pitt Row,602,634,1236,12,1248
NSW,Pitt Town,346,683,1029,10,1039
NSW,Pittown,322,412,734,6,740
NSW,Plattsburg,912,1248,2160,31,2191
NSW,Pleasant Hills,19,58,77,0,77
NSW,Plumpton,1797,2081,3878,45,3923
NSW,Plunkett Street,543,397,940,11,951
NSW,Point Clare,1133,1353,2486,17,2503
NSW,Pokolbin,110,99,209,1,210
NSW,Pomona,22,72,94,1,95
NSW,Ponyara Road,737,677,1414,13,1427
NSW,Pooncarie,8,73,81,0,81
NSW,Port Kembla,356,240,596,6,602
NSW,Port Kembla Central,893,728,1621,38,1659
NSW,Port Macquarie Central,520,756,1276,12,1288
NSW,Port Macquarie Civic,882,1148,2030,12,2042
NSW,Port Macquarie East,1638,2415,4053,21,4074
NSW,Port Macquarie Hospital,185,283,468,1,469
NSW,Port Macquarie North Shore,136,185,321,4,325
NSW,Port Macquarie South,1048,1304,2352,10,2362
NSW,Port Macquarie West,1395,2448,3843,34,3877
NSW,Portland,434,817,1251,12,1263
NSW,Potts Point,1941,899,2840,18,2858
NSW,Pottsville Beach,736,780,1516,9,1525
NSW,Pound Hill,563,880,1443,13,1456
NSW,Prairievale,1460,1183,2643,28,2671
NSW,Premer,15,78,93,9,102
NSW,Prestons,1374,1558,2932,38,2970
NSW,Prestons West,561,594,1155,3,1158
NSW,Pretty Beach,360,299,659,6,665
NSW,Pretty Pine,30,91,121,0,121
NSW,Primbee,448,539,987,14,1001
NSW,Prince Alfred Hospital,310,139,449,3,452
NSW,Prince Edward Park,318,297,615,4,619
NSW,Prince Henry Hospital,325,356,681,2,683
NSW,Prince Of Wales,138,117,255,3,258
NSW,Prison Mobiles,17,12,29,0,29
NSW,Prospect,105,104,209,4,213
NSW,Punchbowl,2322,2410,4732,100,4832
NSW,Punchbowl Central,977,1024,2001,34,2035
NSW,Purfleet,64,78,142,0,142
NSW,Purlewaugh,42,110,152,1,153
NSW,Putney,1575,1297,2872,21,2893
NSW,Pymble,393,287,680,5,685
NSW,Pymble North,1256,1042,2298,10,2308
NSW,Pymble West,1139,961,2100,14,2114
NSW,Pyrmont,765,388,1153,3,1156
NSW,Quaama,140,173,313,0,313
NSW,Quakers Hill,1096,1384,2480,36,2516
NSW,Quakers Hill East,1735,1909,3644,44,3688
NSW,Quakers Hill North,1335,1406,2741,24,2765
NSW,Quambone,22,67,89,0,89
NSW,Quandialla,64,158,222,1,223
NSW,Queanbeyan,1039,1051,2090,24,2114
NSW,Queanbeyan Central,906,764,1670,21,1691
NSW,Queanbeyan East,1029,829,1858,24,1882
NSW,Queanbeyan High,781,635,1416,19,1435
NSW,Queanbeyan Hospital,344,327,671,11,682
NSW,Queanbeyan North,683,647,1330,16,1346
NSW,Queanbeyan South,1715,1864,3579,52,3631
NSW,Queanbeyan West,807,777,1584,17,1601
NSW,Queenscliff,924,584,1508,15,1523
NSW,Quirindi,545,1500,2045,11,2056
NSW,RAAF Richmond,58,103,161,1,162
NSW,RSL Retirement Village,245,526,771,8,779
NSW,Rachel Forster Hospital,778,579,1357,18,1375
NSW,Raglan,288,508,796,1,797
NSW,Raleigh,122,225,347,3,350
NSW,Ramsgate North,881,1075,1956,18,1974
NSW,Rand,39,145,184,0,184
NSW,Randwick,979,681,1660,17,1677
NSW,Randwick East,604,409,1013,8,1021
NSW,Randwick Girls High,1077,745,1822,25,1847
NSW,Randwick North,1580,1112,2692,21,2713
NSW,Rankins Springs,44,136,180,2,182
NSW,Rappville,32,116,148,1,149
NSW,Rathmines,1116,1232,2348,18,2366
NSW,Rawson,383,481,864,11,875
NSW,Raymond Terrace,624,997,1621,23,1644
NSW,Raymond Terrace Central,629,1024,1653,13,1666
NSW,Raymond Terrace East,610,849,1459,11,1470
NSW,Raymond Terrace North,503,934,1437,13,1450
NSW,Red Range,18,119,137,1,138
NSW,Red Rock,76,87,163,0,163
NSW,Redfern,930,977,1907,23,1930
NSW,Redfern East,938,847,1785,34,1819
NSW,Redhead,930,881,1811,11,1822
NSW,Regents Park,727,692,1419,28,1447
NSW,Regentville,640,937,1577,18,1595
NSW,Reids Flat,23,89,112,0,112
NSW,Reidtown,458,477,935,11,946
NSW,Rennie,21,64,85,0,85
NSW,Repton,116,91,207,2,209
NSW,Revesby,823,966,1789,24,1813
NSW,Revesby North,1412,1693,3105,49,3154
NSW,Revesby South,1061,1329,2390,20,2410
NSW,Rhodes,130,157,287,1,288
NSW,Richmond,835,1405,2240,14,2254
NSW,Richmond High,199,377,576,4,580
NSW,Ringrose,1062,1312,2374,38,2412
NSW,Riverside,1611,917,2528,35,2563
NSW,Riverside North,859,493,1352,22,1374
NSW,Riverstone,559,1156,1715,21,1736
NSW,Riverstone East,568,1091,1659,32,1691
NSW,Riverwood North,686,817,1503,30,1533
NSW,Riverwood South,745,815,1560,9,1569
NSW,Robert Townson,1508,1868,3376,27,3403
NSW,Robertson,387,541,928,7,935
NSW,Rockdale,1005,785,1790,31,1821
NSW,Rockdale Central,941,750,1691,24,1715
NSW,Rockdale Park,509,461,970,21,991
NSW,Rockdale West,1030,845,1875,40,1915
NSW,Rockley,66,180,246,0,246
NSW,Rocky River,80,132,212,1,213
NSW,Rollands Plains,54,105,159,2,161
NSW,Rondelay,1006,1192,2198,16,2214
NSW,Rookhurst,28,70,98,0,98
NSW,Rooty Hill North,1396,1791,3187,56,3243
NSW,Rooty Hill South,797,895,1692,16,1708
NSW,Rose Bay,1207,997,2204,27,2231
NSW,Rose Bay Central,632,475,1107,10,1117
NSW,Rosebank,165,61,226,2,228
NSW,Rosebery,726,521,1247,18,1265
NSW,Rosehill,608,560,1168,22,1190
NSW,Rosemeadow,1243,1732,2975,46,3021
NSW,Roseville,831,581,1412,8,1420
NSW,Roseville Chase,600,520,1120,10,1130
NSW,Roseville East,487,273,760,0,760
NSW,Roseville South,834,538,1372,11,1383
NSW,Rosewood,43,125,168,0,168
NSW,Roslyn Gardens,675,399,1074,11,1085
NSW,Ross Hill,475,1220,1695,6,1701
NSW,Rossmore,485,744,1229,20,1249
NSW,Rous,164,254,418,0,418
NSW,Rouse Hill,526,961,1487,10,1497
NSW,Rowena,25,55,80,0,80
NSW,Royal North Shore Hospital,222,134,356,3,359
NSW,Royal Ryde Homes,47,47,94,1,95
NSW,Rozelle,1972,846,2818,26,2844
NSW,Rugby,19,42,61,1,62
NSW,Ruse,1424,1883,3307,33,3340
NSW,Russell Lea,745,551,1296,15,1311
NSW,Russell Vale,647,723,1370,10,1380
NSW,Rutherford,532,962,1494,12,1506
NSW,Rutherford North,920,1482,2402,32,2434
NSW,Rutherford West,200,393,593,7,600
NSW,Rydal,27,73,100,0,100
NSW,Rydalmere,679,831,1510,12,1522
NSW,Rydalmere North,1244,1204,2448,20,2468
NSW,Ryde,1982,1591,3573,52,3625
NSW,Ryde Central,530,531,1061,10,1071
NSW,Ryde East,1729,1454,3183,21,3204
NSW,Ryde Heights,294,259,553,11,564
NSW,Ryde Hospital,310,319,629,6,635
NSW,Ryde North,1776,1558,3334,37,3371
NSW,Ryde South,266,272,538,3,541
NSW,Rye Park,43,82,125,0,125
NSW,Rylstone,272,478,750,2,752
NSW,Sackville Street,942,1366,2308,22,2330
NSW,Sadleir,566,968,1534,21,1555
NSW,Salamander,412,431,843,8,851
NSW,Salamander Bay,685,925,1610,10,1620
NSW,Salisbury,8,65,73,1,74
NSW,Salt Ash,226,433,659,1,660
NSW,Samuel Gilbert,1854,1814,3668,26,3694
NSW,San Isidore,78,122,200,0,200
NSW,San Remo,844,1264,2108,24,2132
NSW,Sanctuary Point,1238,1779,3017,21,3038
NSW,Sandy Beach,751,808,1559,10,1569
NSW,Sandy Hollow,85,188,273,4,277
NSW,Sandy Point,141,169,310,1,311
NSW,Sans Souci,1094,1120,2214,35,2249
NSW,Sans Souci North,992,1163,2155,20,2175
NSW,Saratoga,818,1032,1850,15,1865
NSW,Sawtell,823,1151,1974,10,1984
NSW,Scarborough,98,85,183,2,185
NSW,Scaysbrook,259,593,852,4,856
NSW,Schofields,606,1013,1619,21,1640
NSW,Scone,457,862,1319,9,1328
NSW,Scone East,323,781,1104,7,1111
NSW,Scone High School,247,546,793,8,801
NSW,Scotland Island,147,59,206,2,208
NSW,Scotts Head,255,244,499,2,501
NSW,Seaforth,1494,1189,2683,20,2703
NSW,Seaforth East,1123,880,2003,17,2020
NSW,Seaham,385,525,910,9,919
NSW,Sefton,1260,1191,2451,32,2483
NSW,Settlement Shores,544,850,1394,12,1406
NSW,Seven Hills,851,999,1850,13,1863
NSW,Seven Hills High,689,1032,1721,24,1745
NSW,Seven Hills North,859,854,1713,21,1734
NSW,Seven Hills West,832,1141,1973,35,2008
NSW,Shalvey,613,1057,1670,18,1688
NSW,Shellharbour,1493,1430,2923,15,2938
NSW,Shelly Beach,1099,1327,2426,20,2446
NSW,Sherwood Grange,821,890,1711,31,1742
NSW,Shoal Bay,418,463,881,6,887
NSW,Shoalhaven Heads,888,1181,2069,18,2087
NSW,Shortland,556,800,1356,14,1370
NSW,Silverdale,179,429,608,12,620
NSW,Silverwater,482,455,937,16,953
NSW,Singleton,596,960,1556,13,1569
NSW,Singleton East,311,669,980,10,990
NSW,Singleton Heights,1179,1785,2964,16,2980
NSW,Singleton Military Camp,12,34,46,0,46
NSW,Singleton South,683,1369,2052,16,2068
NSW,Smith's Hill,1600,953,2553,26,2579
NSW,Smithfield,976,1252,2228,37,2265
NSW,Smithfield East,863,1047,1910,18,1928
NSW,Smithfield West,2047,2054,4101,73,4174
NSW,Smithtown,150,332,482,1,483
NSW,Sofala,27,61,88,0,88
NSW,Soldiers Point,384,463,847,6,853
NSW,Somersby,231,293,524,12,536
NSW,Somerton,33,147,180,0,180
NSW,South Durras,124,108,232,3,235
NSW,South Haven,394,359,753,16,769
NSW,South Sydney Hospital,97,63,160,2,162
NSW,South West Rocks,744,1106,1850,14,1864
NSW,South West Rocks South,230,343,573,2,575
NSW,Southgate,38,77,115,0,115
NSW,Speers Point,925,1372,2297,20,2317
NSW,Spencer,69,116,185,4,189
NSW,Spit Junction,859,776,1635,10,1645
NSW,Spring Hill,67,155,222,1,223
NSW,Spring Ridge,22,107,129,1,130
NSW,Spring Terrace,59,128,187,0,187
NSW,Springdale Heights,250,377,627,4,631
NSW,Springfield,711,959,1670,15,1685
NSW,Springwood,1388,1306,2694,23,2717
NSW,Springwood North,980,920,1900,4,1904
NSW,Springwood South,692,650,1342,10,1352
NSW,St Albans,65,67,132,0,132
NSW,St Andrews,1524,1971,3495,41,3536
NSW,St Andrews South,279,336,615,13,628
NSW,St Clair,617,800,1417,15,1432
NSW,St Clements,529,276,805,8,813
NSW,St Cuthbert's,974,964,1938,21,1959
NSW,St George Hospital,95,76,171,4,175
NSW,St Georges Basin,415,689,1104,6,1110
NSW,St Helens Park,389,599,988,7,995
NSW,St Ives,866,874,1740,8,1748
NSW,St Ives Chase,348,289,637,5,642
NSW,St Ives North,1457,1268,2725,22,2747
NSW,St Ives Park,1010,772,1782,13,1795
NSW,St Ives South,1502,1142,2644,18,2662
NSW,St Johns Park,2021,1760,3781,61,3842
NSW,St Johns Park High,1472,1082,2554,42,2596
NSW,St Marys,523,846,1369,21,1390
NSW,St Marys North,748,1341,2089,27,2116
NSW,St Marys South,1075,1469,2544,31,2575
NSW,St Michael's,661,622,1283,16,1299
NSW,St Pauls,940,650,1590,26,1616
NSW,St Peters,457,355,812,11,823
NSW,St Vincents Hospital,125,66,191,2,193
NSW,Stanford Merthyr,194,248,442,4,446
NSW,Stanmore,1270,528,1798,23,1821
NSW,Stanmore North,1339,630,1969,21,1990
NSW,Stanwell Park,427,225,652,5,657
NSW,Stockinbingal,96,172,268,1,269
NSW,Stockton,332,434,766,9,775
NSW,Stockton North,195,268,463,6,469
NSW,Stockton South,583,639,1222,12,1234
NSW,Stokers Siding,123,101,224,1,225
NSW,Stratford,40,144,184,2,186
NSW,Strathfield,738,622,1360,20,1380
NSW,Strathfield Central,1218,946,2164,14,2178
NSW,Strathfield City,373,304,677,4,681
NSW,Strathfield North,1486,1162,2648,28,2676
NSW,Strathfield South,981,732,1713,18,1731
NSW,Strathfield West,423,505,928,9,937
NSW,Stroud,132,362,494,4,498
NSW,Stroud Road,53,126,179,0,179
NSW,Stuart Street,366,598,964,3,967
NSW,Stuart Town,66,125,191,1,192
NSW,Stuarts Point,336,505,841,6,847
NSW,Sturt,925,1484,2409,13,2422
NSW,Summer Hill,1078,627,1705,34,1739
NSW,Summer Hill North,566,329,895,12,907
NSW,Summer Hill South,961,475,1436,12,1448
NSW,Summerland Point,446,627,1073,9,1082
NSW,Sunnyside,28,116,144,0,144
NSW,Sunshine,291,412,703,9,712
NSW,Sunshine Bay,848,1068,1916,6,1922
NSW,Surry Hills,317,88,405,2,407
NSW,Surry Hills North,1034,320,1354,12,1366
NSW,Surry Hills South,974,301,1275,9,1284
NSW,Sussex Inlet,813,1277,2090,11,2101
NSW,Sutherland,881,862,1743,19,1762
NSW,Sutherland East,548,556,1104,8,1112
NSW,Sutherland Hospital,392,466,858,4,862
NSW,Sutherland North,1152,1275,2427,26,2453
NSW,Sutherland West,390,469,859,9,868
NSW,Sutton,424,309,733,6,739
NSW,Sutton Forest,126,220,346,3,349
NSW,Sutton Park,739,543,1282,8,1290
NSW,Swansea,1122,1455,2577,18,2595
NSW,Swansea North,469,508,977,2,979
NSW,Sydenham,564,420,984,9,993
NSW,Sydney,5262,3003,8265,89,8354
NSW,Sylvania,598,709,1307,9,1316
NSW,Sylvania Central,301,422,723,3,726
NSW,Sylvania Heights,1793,2012,3805,30,3835
NSW,Sylvania South,505,751,1256,7,1263
NSW,Sylvania Waters,618,793,1411,8,1419
NSW,Table Top,94,151,245,2,247
NSW,Tabulam,123,240,363,3,366
NSW,Tacking Point,1376,1654,3030,13,3043
NSW,Tacoma,190,308,498,6,504
NSW,Tahmoor,971,1718,2689,22,2711
NSW,Talbingo,85,96,181,0,181
NSW,Tallimba,24,123,147,2,149
NSW,Tallong,70,111,181,4,185
NSW,Tambar Springs,42,88,130,0,130
NSW,Tamworth,518,1063,1581,16,1597
NSW,Tamworth High,1117,2817,3934,47,3981
NSW,Tamworth Primary,1425,2322,3747,22,3769
NSW,Tamworth West,576,1212,1788,13,1801
NSW,Tanilba Bay,580,910,1490,7,1497
NSW,Tanja,91,29,120,0,120
NSW,Tarago,126,165,291,0,291
NSW,Taralga,93,327,420,3,423
NSW,Tarana,22,57,79,0,79
NSW,Tarcutta,82,258,340,0,340
NSW,Taree,861,1373,2234,24,2258
NSW,Taree Central,345,524,869,4,873
NSW,Taree Hospital,113,139,252,4,256
NSW,Taree North,460,861,1321,11,1332
NSW,Taree West,884,1742,2626,23,2649
NSW,Taren Point,433,566,999,5,1004
NSW,Tarrawanna,902,937,1839,17,1856
NSW,Tarro,283,427,710,2,712
NSW,Tathra,703,634,1337,7,1344
NSW,Tatton,295,469,764,4,768
NSW,Tea Gardens,370,493,863,2,865
NSW,Telarah,512,1007,1519,18,1537
NSW,Telegraph Point,187,370,557,4,561
NSW,Telopea,1314,1354,2668,31,2699
NSW,Temora,721,1980,2701,19,2720
NSW,Temora West,100,340,440,2,442
NSW,Tempe,913,658,1571,28,1599
NSW,Tenambit,894,1365,2259,25,2284
NSW,Tennyson,65,153,218,1,219
NSW,Tenterfield,614,1669,2283,16,2299
NSW,Teralba,366,542,908,6,914
NSW,Terara,208,354,562,2,564
NSW,Terranora,490,665,1155,3,1158
NSW,Terrey Hills,962,1076,2038,17,2055
NSW,Terrigal,1604,1390,2994,28,3022
NSW,Terrigal Central,329,395,724,2,726
NSW,Terrigal Lagoon,480,517,997,5,1002
NSW,Terrigal West,364,428,792,3,795
NSW,Terry Hie Hie,13,64,77,0,77
NSW,Tharbogang,103,148,251,4,255
NSW,The Channon,285,130,415,11,426
NSW,The Entrance,759,1184,1943,14,1957
NSW,The Entrance North,284,390,674,11,685
NSW,The Grange,599,937,1536,11,1547
NSW,The Junction,1352,999,2351,26,2377
NSW,The Lagoon,17,89,106,1,107
NSW,The Mall,399,508,907,3,910
NSW,The Oaks,557,973,1530,27,1557
NSW,The Rainbow,765,451,1216,6,1222
NSW,The Retreat,9,70,79,0,79
NSW,The Rock,182,493,675,4,679
NSW,The Spot,531,367,898,10,908
NSW,The Warren,1178,839,2017,51,2068
NSW,Theresa Park,129,210,339,1,340
NSW,Thirlmere,783,1193,1976,18,1994
NSW,Thirroul,1068,881,1949,18,1967
NSW,Thirroul East,872,629,1501,11,1512
NSW,Thompsons Corner,1591,1545,3136,20,3156
NSW,Thora,113,100,213,2,215
NSW,Thornleigh,788,781,1569,17,1586
NSW,Thornton,1161,1656,2817,38,2855
NSW,Thredbo,56,35,91,0,91
NSW,Thurgoona,659,982,1641,13,1654
NSW,Tighes Hill,631,542,1173,9,1182
NSW,Timbumburi,125,313,438,2,440
NSW,Tingha,106,390,496,2,498
NSW,Tingira Heights,432,466,898,8,906
NSW,Tinonee,281,555,836,5,841
NSW,Tintenbar,187,208,395,1,396
NSW,Tocumwal,348,903,1251,7,1258
NSW,Tolland,495,1010,1505,5,1510
NSW,Tomago,38,76,114,0,114
NSW,Tomakin,303,358,661,4,665
NSW,Tomerong,228,292,520,6,526
NSW,Tooleybuc,80,165,245,0,245
NSW,Tooma,27,90,117,2,119
NSW,Toongabbie East,430,497,927,8,935
NSW,Tooraweenah,47,179,226,2,228
NSW,Toormina,983,1595,2578,18,2596
NSW,Toronto,202,242,444,4,448
NSW,Toronto North,410,609,1019,13,1032
NSW,Toronto West,465,685,1150,12,1162
NSW,Toukley,676,1041,1717,19,1736
NSW,Toukley East,795,1049,1844,21,1865
NSW,Towamba,60,67,127,0,127
NSW,Towradgi,831,720,1551,23,1574
NSW,Towradgi East,245,267,512,2,514
NSW,Toxteth,779,245,1024,14,1038
NSW,Tregeagle,157,241,398,0,398
NSW,Tregear,742,1131,1873,21,1894
NSW,Trinity Auburn,2009,1450,3459,68,3527
NSW,Trunkey Creek,33,108,141,0,141
NSW,Truscott,685,860,1545,9,1554
NSW,Tucabia,104,225,329,1,330
NSW,Tuena,25,44,69,0,69
NSW,Tuggerah,292,379,671,7,678
NSW,Tuggerawong,224,333,557,6,563
NSW,Tulloona,17,63,80,0,80
NSW,Tumbarumba,425,870,1295,14,1309
NSW,Tumbi Umbi,440,621,1061,12,1073
NSW,Tumblong,31,86,117,1,118
NSW,Tumbulgum,181,205,386,2,388
NSW,Tumut,987,1833,2820,34,2854
NSW,Tumut East,423,874,1297,15,1312
NSW,Tuncurry,1264,1989,3253,26,3279
NSW,Tura Beach,456,651,1107,6,1113
NSW,Tuross Head,606,708,1314,9,1323
NSW,Turramurra,291,438,729,1,730
NSW,Turramurra Central,1103,951,2054,13,2067
NSW,Turramurra North,1287,1171,2458,9,2467
NSW,Turramurra South,1662,1225,2887,18,2905
NSW,Turrella,587,445,1032,21,1053
NSW,Turvey Park,625,1204,1829,12,1841
NSW,Tweed Heads,1394,1989,3383,31,3414
NSW,Tweed Heads Central,916,1314,2230,13,2243
NSW,Tweed Heads South,1235,1837,3072,25,3097
NSW,Tweed Mills,161,380,541,3,544
NSW,Tyalgum,168,268,436,2,438
NSW,Uki,390,322,712,7,719
NSW,Ulan,60,123,183,2,185
NSW,Ulladulla,1278,1780,3058,29,3087
NSW,Ulmarra,143,445,588,1,589
NSW,Ulong,42,71,113,1,114
NSW,Ultimo,659,311,970,5,975
NSW,Umina Bullion St.,748,1067,1815,19,1834
NSW,Umina Central,940,1258,2198,27,2225
NSW,Umina Mall,755,1181,1936,21,1957
NSW,Unanderra,691,476,1167,9,1176
NSW,Unanderra Central,1501,1338,2839,35,2874
NSW,Undercliffe,846,648,1494,19,1513
NSW,Ungarie,92,269,361,2,363
NSW,Upper Horton,10,81,91,0,91
NSW,Upper Lansdowne,42,58,100,1,101
NSW,Upper Orara,104,170,274,3,277
NSW,Upper Rouchel,14,69,83,0,83
NSW,Uralla,624,1073,1697,12,1709
NSW,Urana,99,235,334,2,336
NSW,Urangeline,16,65,81,0,81
NSW,Uranquinty,97,342,439,2,441
NSW,Urbenville,44,185,229,1,230
NSW,Urunga,742,1189,1931,12,1943
NSW,Utungun,48,115,163,0,163
NSW,Vacy,144,258,402,1,403
NSW,Vale Of Clwydd,247,376,623,4,627
NSW,Valentine,1537,1407,2944,23,2967
NSW,Valentine East,316,246,562,3,565
NSW,Valla Beach,343,387,730,5,735
NSW,Valley Heights,393,412,805,4,809
NSW,Valley View,193,182,375,1,376
NSW,Vaucluse,531,423,954,0,954
NSW,Vere Street,793,1649,2442,29,2471
NSW,Villawood,1078,987,2065,25,2090
NSW,Villawood Central,206,213,419,7,426
NSW,Villawood East,592,770,1362,26,1388
NSW,Villawood North,909,727,1636,32,1668
NSW,Vincentia,763,917,1680,7,1687
NSW,Vineyard East,95,212,307,3,310
NSW,Wagga Wagga,696,958,1654,9,1663
NSW,Wagga Wagga High,280,329,609,5,614
NSW,Wagga Wagga Hospital,70,130,200,0,200
NSW,Wagga Wagga North,500,1051,1551,10,1561
NSW,Wagga Wagga South,515,847,1362,16,1378
NSW,Wagga Wagga West,766,1373,2139,15,2154
NSW,Wahroonga,1354,1356,2710,13,2723
NSW,Wahroonga East,981,669,1650,4,1654
NSW,Waitara,1177,997,2174,11,2185
NSW,Waitara South,203,229,432,1,433
NSW,Wakeley,1644,1332,2976,44,3020
NSW,Wakool,95,245,340,0,340
NSW,Walbundrie,39,148,187,0,187
NSW,Walcha,405,1069,1474,10,1484
NSW,Walgett,256,856,1112,7,1119
NSW,Walla Walla,120,379,499,2,501
NSW,Wallabadah,90,186,276,0,276
NSW,Wallacia,218,478,696,5,701
NSW,Wallaga Lake Koori Village,16,14,30,0,30
NSW,Wallarobba,40,96,136,0,136
NSW,Wallendbeen,79,102,181,0,181
NSW,Wallerawang,427,813,1240,11,1251
NSW,Wallsend,1056,1478,2534,38,2572
NSW,Wallsend Hospital,285,413,698,7,705
NSW,Wallsend South,1638,1374,3012,23,3035
NSW,Walters Road,1706,1986,3692,51,3743
NSW,Wamberal,1143,1197,2340,21,2361
NSW,Wamberal North,395,414,809,11,820
NSW,Wamboin,330,208,538,5,543
NSW,Wamoon,92,169,261,3,264
NSW,Wanda Beach,532,494,1026,8,1034
NSW,Wanganella,10,38,48,0,48
NSW,Wangi Wangi,801,900,1701,13,1714
NSW,Wantabadgery,19,74,93,0,93
NSW,Waratah,1008,767,1775,21,1796
NSW,Waratah Central,261,350,611,10,621
NSW,Waratah South,223,274,497,4,501
NSW,Waratah West,611,631,1242,14,1256
NSW,Wardell,214,355,569,4,573
NSW,Wards River,30,84,114,0,114
NSW,Wareemba,733,598,1331,15,1346
NSW,Warialda,276,788,1064,9,1073
NSW,Warialda Rail,9,51,60,0,60
NSW,Warilla,521,668,1189,13,1202
NSW,Warilla East,846,905,1751,16,1767
NSW,Warilla North,820,1151,1971,20,1991
NSW,Warilla South,1089,1217,2306,17,2323
NSW,Warners Bay,1253,1301,2554,23,2577
NSW,Warners Bay Central,705,811,1516,8,1524
NSW,Warnervale,503,668,1171,12,1183
NSW,Warragamba,594,1029,1623,14,1637
NSW,Warrawee,1643,1246,2889,17,2906
NSW,Warrawong,1004,809,1813,42,1855
NSW,Warrawong Central,742,660,1402,21,1423
NSW,Warrell Creek,36,181,217,0,217
NSW,Warriewood,667,763,1430,17,1447
NSW,Warrimoo,497,420,917,8,925
NSW,Warwick Farm,690,765,1455,9,1464
NSW,Watanobbi,477,817,1294,8,1302
NSW,Water Tanks,665,716,1381,18,1399
NSW,Waterfall,133,148,281,3,284
NSW,Waterloo,508,456,964,13,977
NSW,Waterview Heights,292,587,879,8,887
NSW,Watsons Bay,419,424,843,4,847
NSW,Wattle Flat,73,159,232,1,233
NSW,Wattle Grove,2049,2256,4305,37,4342
NSW,Wattle Park,328,243,571,3,574
NSW,Wauchope,449,1110,1559,25,1584
NSW,Wauchope South,577,1213,1790,11,1801
NSW,Waverley,872,499,1371,18,1389
NSW,Waverley College,625,300,925,11,936
NSW,Waverton,805,433,1238,7,1245
NSW,Wedderburn,138,173,311,2,313
NSW,Wee Jasper,34,49,83,0,83
NSW,Wee Waa,316,1048,1364,7,1371
NSW,Weethalle,60,204,264,0,264
NSW,Welby,257,466,723,7,730
NSW,Wellbank,726,610,1336,9,1345
NSW,Wellington,620,1426,2046,14,2060
NSW,Wellington Hospital,233,516,749,7,756
NSW,Wentworth,261,782,1043,7,1050
NSW,Wentworth Falls,1381,1275,2656,15,2671
NSW,Wentworthville,1093,1146,2239,18,2257
NSW,Wentworthville Central,277,295,572,11,583
NSW,Wentworthville South,309,429,738,4,742
NSW,Werri Beach,330,334,664,5,669
NSW,Werrington,851,1268,2119,23,2142
NSW,Werrington County,769,1111,1880,20,1900
NSW,Werris Creek,320,647,967,6,973
NSW,West Dapto,1046,1208,2254,23,2277
NSW,West Hoxton,192,374,566,10,576
NSW,West Pennant Hills,192,158,350,2,352
NSW,West Ryde,1905,1535,3440,29,3469
NSW,West Wallsend,750,1138,1888,22,1910
NSW,West Wyalong,398,1342,1740,19,1759
NSW,Westdale,232,573,805,5,810
NSW,Westlawn,326,621,947,6,953
NSW,Westleigh,1897,1524,3421,25,3446
NSW,Westmead,1380,1238,2618,28,2646
NSW,Westmead Hospital,135,126,261,1,262
NSW,Westmead North,364,302,666,5,671
NSW,Weston,760,1228,1988,19,2007
NSW,Whalan,621,1206,1827,11,1838
NSW,Wheeler Heights,984,1104,2088,17,2105
NSW,Wherrol Flat,60,92,152,1,153
NSW,Whiddon Homes,81,132,213,7,220
NSW,Whiporie,35,79,114,3,117
NSW,Whitebridge,584,587,1171,4,1175
NSW,Whitegates,465,456,921,14,935
NSW,Whitton,133,283,416,1,417
NSW,Wiangaree,113,217,330,1,331
NSW,Wicks,192,147,339,2,341
NSW,Widemere,765,917,1682,13,1695
NSW,Wilberforce,557,1137,1694,10,1704
NSW,Wiley Park East,351,271,622,10,632
NSW,Wiley Park West,1701,1448,3149,62,3211
NSW,Willawarrin,139,341,480,5,485
NSW,William Stimson,1653,1435,3088,41,3129
NSW,Williamtown,237,439,676,5,681
NSW,Willmot,443,888,1331,30,1361
NSW,Willoughby,2050,1426,3476,37,3513
NSW,Willoughby North,1379,944,2323,22,2345
NSW,Willow Tree,58,257,315,0,315
NSW,Wilsons Creek,95,30,125,4,129
NSW,Wilton,285,425,710,2,712
NSW,Windale,887,1437,2324,25,2349
NSW,Windang,704,890,1594,12,1606
NSW,Windeyer,42,133,175,0,175
NSW,Windsor,668,1087,1755,21,1776
NSW,Windsor South,625,1341,1966,25,1991
NSW,Wingala,995,934,1929,19,1948
NSW,Wingello,100,112,212,3,215
NSW,Wingen,34,126,160,2,162
NSW,Wingham,465,885,1350,13,1363
NSW,Wingham West,704,1496,2200,20,2220
NSW,Winmalee,1233,1593,2826,14,2840
NSW,Winston Heights,884,966,1850,15,1865
NSW,Winston Hills,1644,1840,3484,28,3512
NSW,Wirreanda,298,286,584,0,584
NSW,Wirreanda Medowie,724,990,1714,17,1731
NSW,Wisemans Ferry,45,101,146,1,147
NSW,Wollar,46,105,151,2,153
NSW,Wollombi,131,199,330,1,331
NSW,Wollomombi,34,75,109,0,109
NSW,Wollongbar,551,818,1369,10,1379
NSW,Wollongong,1672,1248,2920,42,2962
NSW,Wollongong Central,688,481,1169,26,1195
NSW,Wollongong Hospital,153,105,258,6,264
NSW,Wollongong West,852,712,1564,16,1580
NSW,Wollstonecraft,1791,1167,2958,24,2982
NSW,Wolumla,193,279,472,4,476
NSW,Wombarra,155,129,284,5,289
NSW,Wombat,59,143,202,0,202
NSW,Womboota,8,62,70,0,70
NSW,Woodberry,613,1168,1781,19,1800
NSW,Woodberry Village,196,269,465,4,469
NSW,Woodbine,719,840,1559,12,1571
NSW,Woodburn,271,558,829,3,832
NSW,Woodcroft,210,152,362,4,366
NSW,Woodenbong,70,279,349,0,349
NSW,Woodford,575,472,1047,8,1055
NSW,Woodrising,230,270,500,2,502
NSW,Woodstock,96,271,367,2,369
NSW,Woodville,177,244,421,5,426
NSW,Woolbrook,26,92,118,1,119
NSW,Woolgoolga,1050,1437,2487,22,2509
NSW,Wooli,171,308,479,4,483
NSW,Woollahra,942,538,1480,16,1496
NSW,Woollahra East,661,411,1072,8,1080
NSW,Woolomin,50,142,192,2,194
NSW,Woolooware,937,1150,2087,16,2103
NSW,Woolwich,405,256,661,0,661
NSW,Woomargama,26,87,113,2,115
NSW,Woombah,136,225,361,2,363
NSW,Woonona,600,630,1230,7,1237
NSW,Woonona Central,834,774,1608,13,1621
NSW,Woonona East,927,976,1903,17,1920
NSW,Wootton,35,70,105,0,105
NSW,Woronora Heights,674,620,1294,6,1300
NSW,Woronora River,225,220,445,3,448
NSW,Woy Woy,1246,1890,3136,25,3161
NSW,Woy Woy Bay,132,128,260,0,260
NSW,Woy Woy South,478,686,1164,8,1172
NSW,Wyalong,142,466,608,13,621
NSW,Wyangala Dam,32,127,159,1,160
NSW,Wybong,42,90,132,0,132
NSW,Wyee,413,720,1133,17,1150
NSW,Wyee Point,100,173,273,6,279
NSW,Wyndham,154,131,285,4,289
NSW,Wyoming,1657,2270,3927,41,3968
NSW,Wyoming Central,995,1248,2243,18,2261
NSW,Wyong,739,1049,1788,17,1805
NSW,Wyong Creek,62,76,138,0,138
NSW,Wyong East,258,420,678,2,680
NSW,Wyongah,441,578,1019,5,1024
NSW,Wyrallah,127,225,352,2,354
NSW,Yagoona,1432,1400,2832,39,2871
NSW,Yagoona West,778,755,1533,28,1561
NSW,Yamba,906,1173,2079,5,2084
NSW,Yamba West,352,505,857,6,863
NSW,Yanco,195,418,613,6,619
NSW,Yanderra,119,187,306,2,308
NSW,Yarramalong,96,124,220,1,221
NSW,Yarramundi,72,123,195,0,195
NSW,Yarras,23,64,87,0,87
NSW,Yarrawarrah,898,739,1637,12,1649
NSW,Yarrowitch,22,68,90,1,91
NSW,Yass,1105,1733,2838,26,2864
NSW,Yass High,224,417,641,4,645
NSW,Yenda,344,621,965,5,970
NSW,Yennora,530,532,1062,9,1071
NSW,Yeo Park,872,599,1471,21,1492
NSW,Yeoval,114,368,482,2,484
NSW,Yerong Creek,66,155,221,2,223
NSW,Yerrinbool,200,286,486,3,489
NSW,Yetman,24,128,152,0,152
NSW,Yoogali,294,375,669,9,678
NSW,York,1340,1950,3290,38,3328
NSW,Young,1053,2175,3228,39,3267
NSW,Young North,472,1056,1528,6,1534
NSW,Young South,307,652,959,7,966
NSW,Yowie Bay,1199,1356,2555,13,2568
NSW,Zetland,48,50,98,0,98
NT,Alyangula,216,204,420,3,423
NT,Anula,1224,1072,2296,24,2320
NT,Bakewell,514,570,1084,10,1094
NT,Batchelor,165,173,338,1,339
NT,Berrimah,311,379,690,5,695
NT,Berry Springs,297,376,673,6,679
NT,Braitling,704,970,1674,24,1698
NT,Casuarina,1770,1425,3195,31,3226
NT,Christmas Island,218,163,381,45,426
NT,Darwin,756,531,1287,24,1311
NT,Driver,1458,1826,3284,26,3310
NT,Durack,607,585,1192,8,1200
NT,Gillen,1104,1630,2734,31,2765
NT,Gray,973,1236,2209,21,2230
NT,Home Island,86,151,237,4,241
NT,Howard Springs,1188,1179,2367,10,2377
NT,Humpty Doo,1242,1519,2761,17,2778
NT,Jabiru,292,239,531,4,535
NT,Karama,1791,1842,3633,42,3675
NT,Katherine,808,1181,1989,17,2006
NT,Katherine East,476,725,1201,7,1208
NT,Larapinta,507,798,1305,8,1313
NT,Larrakeyah,732,500,1232,6,1238
NT,Leanyer,1093,881,1974,19,1993
NT,Ludmilla,792,848,1640,25,1665
NT,Moulden,168,200,368,6,374
NT,Nakara,1390,1044,2434,25,2459
NT,Nhulunbuy,932,775,1707,17,1724
NT,Nightcliff,2109,1482,3591,29,3620
NT,Parap,1839,1249,3088,18,3106
NT,Pine Creek,92,121,213,3,216
NT,Prison Mobiles,69,137,206,0,206
NT,Railway Side,78,92,170,5,175
NT,Rapid Creek,1005,746,1751,21,1772
NT,Sadadeen,1041,1148,2189,17,2206
NT,Stuart Park,751,586,1337,14,1351
NT,Tennant Creek,428,863,1291,28,1319
NT,Tindal,105,172,277,1,278
NT,Tiwi,512,385,897,7,904
NT,Wanguri,1222,1096,2318,18,2336
NT,West Island,22,12,34,0,34
NT,Woodroffe,224,253,477,11,488
NT,Wulagi,581,520,1101,6,1107
NT,Yirara,206,391,597,14,611
NT,Yulara,155,183,338,0,338
PAR,Alectown,35,109,144,2,146
PAR,Alma,811,1133,1944,31,1975
PAR,Ballimore,21,66,87,1,88
PAR,Bedgerebong,29,119,148,0,148
PAR,Bogan Gate,35,159,194,0,194
PAR,Bourke,376,1060,1436,15,1451
PAR,Brewarrina,173,390,563,9,572
PAR,Broken Hill,581,786,1367,15,1382
PAR,Broken Hill Hospital,150,208,358,1,359
PAR,Broken Hill North,839,1512,2351,20,2371
PAR,Broken Hill West,432,681,1113,4,1117
PAR,Burcher,6,62,68,0,68
PAR,Churchill Gardens,432,1070,1502,17,1519
PAR,Cobar,580,1681,2261,18,2279
PAR,Collie,15,57,72,0,72
PAR,Condobolin,532,1452,1984,19,2003
PAR,Cookamidgera,19,49,68,0,68
PAR,Coolabah,4,46,50,0,50
PAR,Dubbo,786,1545,2331,15,2346
PAR,Dubbo East,911,1830,2741,22,2763
PAR,Dubbo Grove,693,1833,2526,15,2541
PAR,Dubbo Hospital,49,148,197,1,198
PAR,Dubbo North,566,1593,2159,12,2171
PAR,Dubbo South,551,1208,1759,6,1765
PAR,Dubbo West,532,1427,1959,26,1985
PAR,Emmagool,19,89,108,0,108
PAR,Enngonia,15,47,62,1,63
PAR,Euabalong,29,103,132,2,134
PAR,Eumungerie,24,118,142,0,142
PAR,Excelsior,542,971,1513,14,1527
PAR,Fifield,14,49,63,0,63
PAR,Forbes,1007,2384,3391,43,3434
PAR,Forbes Hospital,105,205,310,1,311
PAR,Forbes North,374,827,1201,17,1218
PAR,Forbes South,116,286,402,1,403
PAR,Garema,10,65,75,0,75
PAR,Girilambone,17,50,67,0,67
PAR,Goodooga,36,110,146,1,147
PAR,Gunningbland,11,54,65,0,65
PAR,Hermidale,12,71,83,0,83
PAR,Hillside,596,1014,1610,21,1631
PAR,Ivanhoe,34,120,154,0,154
PAR,Lake Cargelligo,238,617,855,9,864
PAR,Lourdes Hospital,146,302,448,5,453
PAR,Louth,10,67,77,0,77
PAR,Menindee,136,252,388,5,393
PAR,Morgan Street,541,840,1381,17,1398
PAR,Murrin Bridge,22,36,58,0,58
PAR,Narromine,652,1870,2522,18,2540
PAR,Nevertire,46,106,152,2,154
PAR,Nymagee,12,68,80,0,80
PAR,Nyngan,353,1151,1504,16,1520
PAR,Ootha,4,39,43,0,43
PAR,Orana Heights,879,1886,2765,19,2784
PAR,Parkes,625,1466,2091,13,2104
PAR,Parkes East,351,725,1076,5,1081
PAR,Parkes High,174,383,557,3,560
PAR,Parkes Hospital,238,490,728,3,731
PAR,Parkes South,215,508,723,3,726
PAR,Peak Hill,194,569,763,1,764
PAR,Rees Avenue,250,672,922,6,928
PAR,Sydney,24,29,53,1,54
PAR,Tibooburra,21,62,83,0,83
PAR,Tilpa,0,0,0,0,0
PAR,Tomingley,44,168,212,0,212
PAR,Tottenham,90,307,397,4,401
PAR,Trangie,180,634,814,5,819
PAR,Trundle,113,389,502,1,503
PAR,Tullamore,70,228,298,1,299
PAR,Tullibigeal,33,165,198,1,199
PAR,Wanaaring,5,46,51,0,51
PAR,Warren,390,1095,1485,8,1493
PAR,Warroo,24,57,81,0,81
PAR,Weilmoringle,6,38,44,0,44
PAR,White Cliffs,25,68,93,0,93
PAR,Wilcannia,103,210,313,4,317
PAR,Wirrinya,5,47,52,0,52
PAR,Wongarbon,87,229,316,0,316
QLD,Acacia Ridge South,705,1451,2156,14,2170
QLD,Airville,64,342,406,2,408
QLD,Albany Creek South,1710,1973,3683,22,3705
QLD,Alexandra Park,1145,1723,2868,28,2896
QLD,Alice River,299,633,932,2,934
QLD,Alligator Creek,286,818,1104,4,1108
QLD,Alloway,132,303,435,3,438
QLD,Aloomba,57,178,235,3,238
QLD,Alpha,51,315,366,4,370
QLD,Alton Downs,119,377,496,3,499
QLD,Ambrose,60,152,212,0,212
QLD,Amby,7,50,57,1,58
QLD,Amiens,67,181,248,1,249
QLD,Amity Point,112,172,284,2,286
QLD,Anakie,28,72,100,0,100
QLD,Andergrove,701,1565,2266,21,2287
QLD,Annandale,1148,2028,3176,18,3194
QLD,Annandale East,337,394,731,4,735
QLD,Annerley Junction,271,276,547,4,551
QLD,Apple Tree Creek,114,299,413,5,418
QLD,Applegarth,48,188,236,2,238
QLD,Applethorpe,98,239,337,4,341
QLD,Aramac,42,170,212,0,212
QLD,Arana Hills,792,987,1779,20,1799
QLD,Arcadia,212,219,431,2,433
QLD,Archer Park,179,416,595,9,604
QLD,Aroona,556,890,1446,10,1456
QLD,Arthur Street,217,419,636,5,641
QLD,Arundel,1933,2912,4845,28,4873
QLD,Arundel East,331,591,922,7,929
QLD,Ashgrove,1749,1136,2885,17,2902
QLD,Ashgrove West,1271,752,2023,14,2037
QLD,Ashmore,1619,2473,4092,30,4122
QLD,Ashmore West,941,1328,2269,14,2283
QLD,Aspley,602,797,1399,12,1411
QLD,Aspley East,825,1181,2006,14,2020
QLD,Aspley West,1767,1928,3695,23,3718
QLD,Atherton,646,1728,2374,22,2396
QLD,Atherton North,341,826,1167,13,1180
QLD,Auchenflower,906,592,1498,9,1507
QLD,Augathella,66,249,315,4,319
QLD,Aurukun,200,300,500,9,509
QLD,Avoca,928,2075,3003,21,3024
QLD,Avondale,73,203,276,1,277
QLD,Ayr,624,1661,2285,15,2300
QLD,Ayr North,185,388,573,6,579
QLD,Babinda,261,601,862,7,869
QLD,Bajool,60,203,263,0,263
QLD,Baker Street,107,170,277,2,279
QLD,Balaclava,1017,1536,2553,17,2570
QLD,Bald Hills,919,1666,2585,12,2597
QLD,Bald Hills North,303,196,499,4,503
QLD,Ballandean,118,182,300,3,303
QLD,Ballycara,363,637,1000,5,1005
QLD,Ballymore,326,236,562,2,564
QLD,Bamaga,211,226,437,4,441
QLD,Bambaroo,70,183,253,2,255
QLD,Banana,23,140,163,0,163
QLD,Bancroft,9,99,108,0,108
QLD,Banyo,633,997,1630,14,1644
QLD,Banyo East,853,1025,1878,18,1896
QLD,Baralaba,51,231,282,1,283
QLD,Barcaldine,252,587,839,5,844
QLD,Bardon,780,492,1272,8,1280
QLD,Baree,57,196,253,0,253
QLD,Bargara,991,1792,2783,14,2797
QLD,Bauhinia Downs,18,133,151,0,151
QLD,Bauple,93,213,306,3,309
QLD,Bayview Heights,1504,2549,4053,39,4092
QLD,Beachmere,500,1232,1732,11,1743
QLD,Beaudesert,833,2681,3514,15,3529
QLD,Bedourie,14,28,42,0,42
QLD,Beechmont,153,205,358,4,362
QLD,Beenleigh,1076,2280,3356,33,3389
QLD,Beenleigh Central,256,468,724,7,731
QLD,Beerburrum,84,172,256,2,258
QLD,Beerwah,598,1330,1928,15,1943
QLD,Belgian Gardens,589,666,1255,3,1258
QLD,Bell,72,327,399,2,401
QLD,Bell Hilltop,381,1007,1388,8,1396
QLD,Bellara,1002,1751,2753,16,2769
QLD,Bellenden Ker,26,87,113,0,113
QLD,Belmont School,3098,2682,5780,34,5814
QLD,Benaraby,130,350,480,10,490
QLD,Benowa,1641,2248,3889,20,3909
QLD,Berrinba East,608,1371,1979,14,1993
QLD,Berserker,658,1652,2310,24,2334
QLD,Bethania,688,1437,2125,10,2135
QLD,Biboohra,65,194,259,5,264
QLD,Biddeston,60,311,371,3,374
QLD,Biggenden,133,642,775,6,781
QLD,Biggera Waters,981,1809,2790,20,2810
QLD,Biloela,991,2449,3440,24,3464
QLD,Binjour,13,115,128,1,129
QLD,Birdsville,14,23,37,2,39
QLD,Birkdale,1662,2431,4093,24,4117
QLD,Birkdale South,1174,2052,3226,22,3248
QLD,Blackall,180,669,849,4,853
QLD,Blackbutt,202,752,954,8,962
QLD,Blackstone,158,368,526,5,531
QLD,Blackwater,378,841,1219,7,1226
QLD,Blackwater North,299,482,781,1,782
QLD,Blair School,610,1126,1736,2,1738
QLD,Blenheim,56,225,281,3,284
QLD,Bli Bli,921,1602,2523,13,2536
QLD,Bloomfield,91,178,269,7,276
QLD,Bloomsbury,82,300,382,5,387
QLD,Bluewater,445,838,1283,8,1291
QLD,Bluff,77,171,248,1,249
QLD,Bohlevale,897,1847,2744,26,2770
QLD,Bollon,27,119,146,0,146
QLD,Bongaree,971,1640,2611,15,2626
QLD,Bongeen,20,111,131,2,133
QLD,Boonah,439,1579,2018,11,2029
QLD,Boondall,1859,2505,4364,39,4403
QLD,Boondooma,25,109,134,2,136
QLD,Boonooroo,92,267,359,3,362
QLD,Booyal,37,80,117,2,119
QLD,Boreen Point,135,174,309,5,314
QLD,Boronia Heights,1212,2427,3639,39,3678
QLD,Bororen,101,218,319,0,319
QLD,Bouldercombe,111,394,505,4,509
QLD,Boulia,33,105,138,3,141
QLD,Bowen,880,1757,2637,19,2656
QLD,Bowen Hospital,84,116,200,1,201
QLD,Bowenville,21,186,207,0,207
QLD,Boyne Island,823,1357,2180,13,2193
QLD,Bracewell,9,51,60,0,60
QLD,Bracken Ridge,766,1260,2026,9,2035
QLD,Bracken Ridge East,1236,1852,3088,20,3108
QLD,Bracken Ridge West,1002,1434,2436,17,2453
QLD,Bramston Beach,12,51,63,0,63
QLD,Brandon,216,603,819,0,819
QLD,Branyan,205,441,646,4,650
QLD,Brassall,385,1035,1420,7,1427
QLD,Brassall School,654,1752,2406,17,2423
QLD,Bray Park,1896,3131,5027,47,5074
QLD,Bridgeman Downs,768,1131,1899,12,1911
QLD,Brigalow,36,142,178,0,178
QLD,Brighton,789,1214,2003,16,2019
QLD,Brighton South,661,1197,1858,15,1873
QLD,Bringalily South,13,87,100,0,100
QLD,Brisbane City,3173,2650,5823,57,5880
QLD,Broadbeach,1410,1664,3074,23,3097
QLD,Broadwater,123,162,285,3,288
QLD,Broadwater Crossing,100,255,355,3,358
QLD,Brookfield,1022,683,1705,9,1714
QLD,Brooklands,15,90,105,0,105
QLD,Brookstead,18,140,158,1,159
QLD,Brooweena,27,148,175,1,176
QLD,Browns Plains,951,1953,2904,41,2945
QLD,Bucasia,504,886,1390,4,1394
QLD,Buddina,1452,2393,3845,27,3872
QLD,Buderim,1726,2440,4166,26,4192
QLD,Buderim Central,439,733,1172,5,1177
QLD,Buderim Garden Village,530,830,1360,8,1368
QLD,Buderim Immanuel Lutheran College,77,113,190,2,192
QLD,Buderim North,329,595,924,6,930
QLD,Buderim Pines,379,550,929,5,934
QLD,Buderim South,292,442,734,4,738
QLD,Builyan,9,58,67,0,67
QLD,Bulimba,2063,1751,3814,22,3836
QLD,Bullyard,51,170,221,0,221
QLD,Bundaberg,502,1307,1809,14,1823
QLD,Bundaberg Base Hospital,122,233,355,3,358
QLD,Bundaberg Central,138,351,489,4,493
QLD,Bundaberg East,518,1306,1824,11,1835
QLD,Bundaberg North,401,889,1290,8,1298
QLD,Bundaberg North West,320,1120,1440,7,1447
QLD,Bundaberg South,674,1593,2267,22,2289
QLD,Bundaberg West,522,1418,1940,16,1956
QLD,Bundamba,439,1088,1527,14,1541
QLD,Bundamba School,615,1527,2142,17,2159
QLD,Bungunya,1,67,68,0,68
QLD,Buranda,228,189,417,3,420
QLD,Burketown,24,75,99,1,100
QLD,Burleigh Heads,1646,2102,3748,26,3774
QLD,Burleigh North,222,357,579,3,582
QLD,Burleigh Waters,1928,2686,4614,31,4645
QLD,Burleigh West,543,820,1363,13,1376
QLD,Burnett Heads,348,885,1233,4,1237
QLD,Burnett Street,184,402,586,4,590
QLD,Burnside,566,1178,1744,11,1755
QLD,Burpengary,1030,1929,2959,19,2978
QLD,Burpengary East,386,847,1233,7,1240
QLD,Burpengary South,347,649,996,9,1005
QLD,Burpengary West,1074,1875,2949,22,2971
QLD,Burra Burri,3,70,73,1,74
QLD,Burrowes,578,1392,1970,24,1994
QLD,Burrum Heads,113,425,538,0,538
QLD,Butchers Creek,43,112,155,0,155
QLD,Caboolture,1567,3438,5005,43,5048
QLD,Caboolture East,774,1562,2336,35,2371
QLD,Caboolture West,808,1638,2446,14,2460
QLD,Cairns,377,442,819,5,824
QLD,Cairns Base Hospital,276,296,572,4,576
QLD,Cairns North,784,890,1674,17,1691
QLD,Cairns South,442,696,1138,8,1146
QLD,Cairns West,984,1679,2663,20,2683
QLD,Calamvale,2173,2480,4653,46,4699
QLD,Calen,97,418,515,3,518
QLD,Calliope,329,1113,1442,13,1455
QLD,Caloundra,2054,1115,3169,23,3192
QLD,Caloundra West,271,507,778,5,783
QLD,Cambooya,104,585,689,2,691
QLD,Camira,1183,2146,3329,44,3373
QLD,Camira South,479,729,1208,9,1217
QLD,Camooweal,12,83,95,1,96
QLD,Camp Hill,1157,1188,2345,16,2361
QLD,Camp Hill High,880,1031,1911,17,1928
QLD,Canaga,2,62,64,1,65
QLD,Cannon Hill,1454,1941,3395,30,3425
QLD,Cannonvale Beach,945,1292,2237,18,2255
QLD,Canowindra,260,431,691,3,694
QLD,Canungra,353,680,1033,15,1048
QLD,Capalaba,739,1500,2239,15,2254
QLD,Capalaba School,1350,2348,3698,19,3717
QLD,Capella,113,465,578,3,581
QLD,Caravonica,1130,1499,2629,15,2644
QLD,Carbrook,324,616,940,9,949
QLD,Cardwell,197,546,743,11,754
QLD,Carina,953,1238,2191,18,2209
QLD,Carina Heights,1114,1269,2383,18,2401
QLD,Carindale,2184,2313,4497,44,4541
QLD,Carmila,54,217,271,1,272
QLD,Carole Park,346,779,1125,9,1134
QLD,Carrara,468,703,1171,11,1182
QLD,Carseldine,1080,1274,2354,15,2369
QLD,Cavendish Road,859,846,1705,9,1714
QLD,Cawarral,176,470,646,4,650
QLD,Cecil Plains,46,231,277,2,279
QLD,Cedar Creek,127,231,358,1,359
QLD,Central School,344,819,1163,11,1174
QLD,Chapel Hill,1198,664,1862,4,1866
QLD,Chapel Hill South,1220,909,2129,4,2133
QLD,Charleville,395,1137,1532,11,1543
QLD,Charleville Hospital,67,259,326,4,330
QLD,Charlton,119,456,575,4,579
QLD,Charters Towers,314,699,1013,13,1026
QLD,Charters Towers Central,237,694,931,4,935
QLD,Charters Towers Hospital,182,387,569,7,576
QLD,Chatswood Hills,862,1214,2076,17,2093
QLD,Chatsworth,119,333,452,3,455
QLD,Chatsworth Road,817,715,1532,5,1537
QLD,Chelmer,404,260,664,2,666
QLD,Chelona,74,373,447,3,450
QLD,Cherbourg,87,304,391,3,394
QLD,Chermside,197,241,438,0,438
QLD,Chermside East,824,1157,1981,13,1994
QLD,Chermside Garden Settlement,164,331,495,6,501
QLD,Chermside West,1320,1751,3071,25,3096
QLD,Chevron Island,575,825,1400,4,1404
QLD,Childers,424,1286,1710,11,1721
QLD,Chillagoe,12,138,150,1,151
QLD,Chinchilla,381,1605,1986,15,2001
QLD,Chinchilla Hospital,94,555,649,1,650
QLD,Churchill,915,2273,3188,22,3210
QLD,Clare,66,233,299,1,300
QLD,Clayfield,626,868,1494,2,1496
QLD,Clayfield West,1099,1212,2311,11,2322
QLD,Clermont,337,1022,1359,7,1366
QLD,Cleveland,846,1213,2059,16,2075
QLD,Cleveland School,1732,2562,4294,34,4328
QLD,Clifton,145,696,841,9,850
QLD,Clifton Beach,602,732,1334,7,1341
QLD,Clinton,635,1227,1862,22,1884
QLD,Clinton St John's,668,1052,1720,3,1723
QLD,Clintonvale,17,87,104,0,104
QLD,Cloncurry,271,870,1141,3,1144
QLD,Clontarf,828,1624,2452,27,2479
QLD,Clontarf Beach,667,1490,2157,12,2169
QLD,Closeburn,206,306,512,3,515
QLD,Cloyna,24,181,205,0,205
QLD,Coalstoun Lakes,22,83,105,0,105
QLD,Coen,69,96,165,2,167
QLD,Collingwood Park,581,1040,1621,15,1636
QLD,Collinsville,424,692,1116,11,1127
QLD,Comet,15,89,104,0,104
QLD,Condamine,33,165,198,0,198
QLD,Condon,682,1271,1953,18,1971
QLD,Coningsby,159,464,623,2,625
QLD,Conondale,166,213,379,4,383
QLD,Conway Beach,29,160,189,0,189
QLD,Coochiemudlo Island,97,166,263,2,265
QLD,Cooktown,266,607,873,7,880
QLD,Coolabunia,52,198,250,0,250
QLD,Coolangatta,337,540,877,5,882
QLD,Coolnwynpin,987,1454,2441,11,2452
QLD,Coolum,174,164,338,1,339
QLD,Coolum Beach,1937,2028,3965,38,4003
QLD,Coombabah,768,1385,2153,16,2169
QLD,Coombabah High,380,799,1179,11,1190
QLD,Coomera,455,946,1401,12,1413
QLD,Coominya,152,586,738,0,738
QLD,Coopers Plains,914,1300,2214,15,2229
QLD,Cooran,272,354,626,3,629
QLD,Cooranga North,8,66,74,0,74
QLD,Cooroy,1106,1893,2999,20,3019
QLD,Coorparoo,1727,1654,3381,36,3417
QLD,Coorparoo South,398,360,758,8,766
QLD,Cooyar,34,150,184,0,184
QLD,Coppabella,32,86,118,0,118
QLD,Cordalba,95,311,406,2,408
QLD,Corinda,1145,985,2130,20,2150
QLD,Corinda South,662,629,1291,13,1304
QLD,Cornubia,408,654,1062,4,1066
QLD,Cotton Tree,716,1101,1817,12,1829
QLD,Cottonvale,89,180,269,1,270
QLD,Craigslea,363,568,931,1,932
QLD,Cranbrook,1043,1421,2464,19,2483
QLD,Crescent Lagoon,325,786,1111,7,1118
QLD,Crestmead,916,2244,3160,27,3187
QLD,Crows Nest,274,1040,1314,11,1325
QLD,Croydon,23,105,128,0,128
QLD,Cunnamulla,185,570,755,4,759
QLD,Cunningham Home,102,201,303,6,309
QLD,Curra,117,309,426,4,430
QLD,Currajong,902,1679,2581,25,2606
QLD,Currajong North,243,341,584,4,588
QLD,Currimundi,1351,2237,3588,33,3621
QLD,Currimundi West,613,1073,1686,15,1701
QLD,Currumbin,1091,1728,2819,30,2849
QLD,Currumbin Valley,102,168,270,1,271
QLD,Currumbin Waters,771,1098,1869,11,1880
QLD,Cutheringa,428,629,1057,10,1067
QLD,Daintree,60,103,163,1,164
QLD,Dajarra,32,70,102,1,103
QLD,Dakabin,220,501,721,6,727
QLD,Dalbeg,10,29,39,0,39
QLD,Dalby,462,1627,2089,17,2106
QLD,Dalby North,263,980,1243,4,1247
QLD,Dalby South,306,1043,1349,8,1357
QLD,Dalveen,27,98,125,1,126
QLD,Darling Heights,1003,2261,3264,15,3279
QLD,Darra,896,906,1802,30,1832
QLD,Dayboro,533,981,1514,14,1528
QLD,Deagon,465,812,1277,9,1286
QLD,Deception Bay,382,972,1354,14,1368
QLD,Deception Bay North,813,2107,2920,24,2944
QLD,Deception Bay South,600,1428,2028,15,2043
QLD,Deep Creek,99,270,369,7,376
QLD,Deeragun,413,782,1195,6,1201
QLD,Depot Hill,175,414,589,7,596
QLD,Diddillibah,287,457,744,6,750
QLD,Dimbulah,261,348,609,7,616
QLD,Dingo,28,142,170,2,172
QLD,Dinmore,223,651,874,4,878
QLD,Dirranbandi,91,223,314,3,317
QLD,Donnybrook,157,293,450,2,452
QLD,Doomadgee,59,221,280,4,284
QLD,Dorrington,670,586,1256,13,1269
QLD,Douglas,286,291,577,3,580
QLD,Drayton,337,1151,1488,11,1499
QLD,Drillham,22,103,125,0,125
QLD,Duaringa,35,197,232,0,232
QLD,Dulacca,29,130,159,0,159
QLD,Dululu,15,98,113,0,113
QLD,Dundowran,217,538,755,5,760
QLD,Dundula,172,498,670,4,674
QLD,Dunwich,206,325,531,6,537
QLD,Dupre St,169,255,424,1,425
QLD,Dutton Park,521,346,867,6,873
QLD,Dysart,418,678,1096,7,1103
QLD,Eagleby,200,573,773,10,783
QLD,Eagleby South,808,1838,2646,36,2682
QLD,Earle Haven,167,381,548,3,551
QLD,Earlville,1263,2039,3302,22,3324
QLD,East Ayr,482,1181,1663,10,1673
QLD,East Brisbane,1404,1046,2450,25,2475
QLD,East Ipswich School,447,1057,1504,6,1510
QLD,East Palmerston,53,141,194,2,196
QLD,Eastern Heights,499,1055,1554,10,1564
QLD,Eatons Hill,1685,1954,3639,22,3661
QLD,Edens Landing,572,1045,1617,18,1635
QLD,Edge Hill,1533,2143,3676,28,3704
QLD,Edmonton,1203,2119,3322,23,3345
QLD,Eidsvold,64,383,447,3,450
QLD,Eight Mile Plains,1261,2024,3285,26,3311
QLD,Eimeo,941,1454,2395,8,2403
QLD,Einasleigh,11,16,27,1,28
QLD,El Arish,147,278,425,8,433
QLD,Elanora,1162,1611,2773,24,2797
QLD,Elanora High,987,1300,2287,11,2298
QLD,Elimbah,347,792,1139,11,1150
QLD,Elliott Heads,189,414,603,5,608
QLD,Emerald,783,2076,2859,29,2888
QLD,Emerald Creek,81,152,233,2,235
QLD,Emerald North,343,767,1110,5,1115
QLD,Emerald South,117,266,383,1,384
QLD,Emmanuel,599,1016,1615,12,1627
QLD,Emmaus College,369,640,1009,5,1014
QLD,Emu Park,653,1261,1914,6,1920
QLD,Enoggera,430,471,901,2,903
QLD,Esk,294,759,1053,13,1066
QLD,Eton,102,325,427,1,428
QLD,Eudlo,300,372,672,5,677
QLD,Eukey,32,87,119,1,120
QLD,Eulo,7,50,57,0,57
QLD,Eumamurrin,9,59,68,0,68
QLD,Eumundi,757,1143,1900,19,1919
QLD,Eungella,67,121,188,2,190
QLD,Euramo,25,70,95,0,95
QLD,Evandale,1083,1453,2536,17,2553
QLD,Evelyn Central,21,62,83,0,83
QLD,Eventide,89,264,353,3,356
QLD,Eventide Home,253,468,721,3,724
QLD,Everton Hills,1158,1429,2587,15,2602
QLD,Everton Park,604,781,1385,7,1392
QLD,Everton Park North,986,1264,2250,17,2267
QLD,Fairfield,494,543,1037,5,1042
QLD,Fairview Heights,229,678,907,5,912
QLD,Farleigh,118,333,451,2,453
QLD,Farnborough,339,625,964,7,971
QLD,Federal,61,154,215,1,216
QLD,Felton East,23,125,148,0,148
QLD,Feluga,68,162,230,2,232
QLD,Fernvale,334,856,1190,7,1197
QLD,Ferny Grove,1697,1801,3498,18,3516
QLD,Ferny Hills,1305,1658,2963,25,2988
QLD,Ferny Hills North,1453,1604,3057,25,3082
QLD,Fig Tree Pocket,976,780,1756,8,1764
QLD,Finch Hatton,82,243,325,2,327
QLD,Fitzgerald,723,1181,1904,15,1919
QLD,Flagstone,219,523,742,5,747
QLD,Flagstone Creek,13,120,133,0,133
QLD,Flinders View,607,1296,1903,9,1912
QLD,Florida Gardens,329,459,788,6,794
QLD,Flying Fish Point,114,204,318,2,320
QLD,Forest Glen,265,565,830,5,835
QLD,Forest Hill,134,455,589,5,594
QLD,Forest Lake,2092,2411,4503,28,4531
QLD,Forest Place Retirement Village,195,385,580,3,583
QLD,Forrest Beach,206,399,605,1,606
QLD,Forsayth,15,48,63,0,63
QLD,Fortitude Valley,338,194,532,4,536
QLD,Freemasons Homes,93,255,348,4,352
QLD,Frenchville,693,1134,1827,20,1847
QLD,Freshwater,755,883,1638,10,1648
QLD,Gabbinbar,593,948,1541,6,1547
QLD,Gailes,500,496,996,15,1011
QLD,Garbutt,517,926,1443,13,1456
QLD,Gargett,47,268,315,0,315
QLD,Garradunga,81,170,251,0,251
QLD,Gatton,318,1302,1620,14,1634
QLD,Gatton South,487,1717,2204,17,2221
QLD,Gayndah,243,1084,1327,18,1345
QLD,Gaythorne,512,641,1153,11,1164
QLD,Geebung,1047,1491,2538,20,2558
QLD,Geham,76,219,295,2,297
QLD,Georgetown,31,94,125,0,125
QLD,Gilston,314,522,836,6,842
QLD,Gin Gin,305,1109,1414,9,1423
QLD,Gindie,28,64,92,0,92
QLD,Giru,174,449,623,2,625
QLD,Givelda,54,147,201,4,205
QLD,Gladstone,612,944,1556,2,1558
QLD,Gladstone South,600,1508,2108,22,2130
QLD,Gladstone Valley,294,489,783,4,787
QLD,Gladstone West,550,1109,1659,14,1673
QLD,Glamorgan Vale,91,276,367,0,367
QLD,Glass House Mountains,572,1139,1711,20,1731
QLD,Glen Aplin,77,203,280,2,282
QLD,Glenden,99,243,342,0,342
QLD,Glenella,272,634,906,8,914
QLD,Glenmore,1134,2292,3426,16,3442
QLD,Glennie Heights,235,689,924,4,928
QLD,Glenore Grove,284,1014,1298,9,1307
QLD,Glenvale,472,1277,1749,6,1755
QLD,Glenview,250,452,702,2,704
QLD,Glenwood,79,236,315,3,318
QLD,Gold Coast Hospital,189,279,468,3,471
QLD,Golden Beach,1023,2208,3231,20,3251
QLD,Gooburrum,156,397,553,3,556
QLD,Goodna,1133,2259,3392,34,3426
QLD,Goodwood,34,119,153,1,154
QLD,Goomboorian,119,385,504,3,507
QLD,Goombungee,118,513,631,2,633
QLD,Goomburra,26,116,142,0,142
QLD,Goomeri,46,383,429,1,430
QLD,Goondi,366,826,1192,7,1199
QLD,Goondiwindi,401,1322,1723,8,1731
QLD,Goondiwindi West,313,1079,1392,9,1401
QLD,Goose Ponds,416,1002,1418,9,1427
QLD,Goovigen,19,150,169,1,170
QLD,Gordon Park,794,807,1601,11,1612
QLD,Gordonvale,862,1799,2661,23,2684
QLD,Gowrie,163,597,760,3,763
QLD,Gracemere,709,2009,2718,21,2739
QLD,Graceville,1597,1113,2710,10,2720
QLD,Graceville West,291,213,504,0,504
QLD,Grand Ave,375,552,927,2,929
QLD,Grandchester,63,185,248,3,251
QLD,Grange,450,433,883,5,888
QLD,Grange West,392,338,730,0,730
QLD,Grantham,117,419,536,9,545
QLD,Granville,462,1392,1854,9,1863
QLD,Greenbank,747,1542,2289,12,2301
QLD,Greenmeadows,484,437,921,7,928
QLD,Greenmount East,76,387,463,1,464
QLD,Greenslopes Hospital,232,239,471,3,474
QLD,Greenslopes School,1369,1321,2690,17,2707
QLD,Greenvale,23,68,91,2,93
QLD,Grendon Street,232,513,745,5,750
QLD,Grovely,1032,1374,2406,18,2424
QLD,Guluguba,7,63,70,0,70
QLD,Gumdale,865,1269,2134,25,2159
QLD,Gumlu,33,125,158,1,159
QLD,Gunalda,81,270,351,0,351
QLD,Gundiah,28,109,137,2,139
QLD,Gympie City,577,1435,2012,9,2021
QLD,Gympie High School,440,1097,1537,14,1551
QLD,Gympie North,482,1407,1889,12,1901
QLD,Gympie South Side,667,1588,2255,25,2280
QLD,Gympie West,292,762,1054,10,1064
QLD,Habana,120,277,397,1,398
QLD,Haden,16,121,137,0,137
QLD,Haigslea,63,239,302,3,305
QLD,Halifax,211,405,616,0,616
QLD,Hambledon,908,1758,2666,28,2694
QLD,Hamilton,1131,1181,2312,11,2323
QLD,Hampden,119,333,452,2,454
QLD,Hannaford,14,36,50,0,50
QLD,Happy Valley,311,548,859,12,871
QLD,Harlaxton,477,1114,1591,8,1599
QLD,Harlaxton North,61,216,277,3,280
QLD,Harley Park,643,1119,1762,9,1771
QLD,Harris Fields,995,1953,2948,48,2996
QLD,Harristown,710,1928,2638,15,2653
QLD,Harristown East,433,1145,1578,10,1588
QLD,Harrisville,71,251,322,1,323
QLD,Hatton Vale,253,760,1013,3,1016
QLD,Hawkins Creek,41,132,173,0,173
QLD,Healy,498,759,1257,14,1271
QLD,Heatley,1140,2045,3185,23,3208
QLD,Hebel,8,45,53,0,53
QLD,Helensvale,986,1634,2620,35,2655
QLD,Helensvale North,1016,1878,2894,21,2915
QLD,Helidon,139,576,715,8,723
QLD,Hemmant,292,587,879,2,881
QLD,Hendra,637,790,1427,7,1434
QLD,Hendra East,387,558,945,8,953
QLD,Herberton,153,465,618,3,621
QLD,Hermit Park,780,1147,1927,10,1937
QLD,Hermit Park South,611,865,1476,4,1480
QLD,Highfields,828,1700,2528,14,2542
QLD,Hill End,940,478,1418,21,1439
QLD,Hilliard,729,1051,1780,6,1786
QLD,Hillview,41,116,157,0,157
QLD,Holland Park,509,632,1141,15,1156
QLD,Holland Park School,670,473,1143,6,1149
QLD,Holloways Beach,456,503,959,8,967
QLD,Holy Spirit,999,661,1660,10,1670
QLD,Home Hill,494,1669,2163,18,2181
QLD,Homebush,62,293,355,3,358
QLD,Homefield,265,661,926,10,936
QLD,Homestead,8,68,76,0,76
QLD,Hope Island,497,826,1323,6,1329
QLD,Hope Vale,97,247,344,4,348
QLD,Horn Island,69,127,196,1,197
QLD,Howard,287,888,1175,8,1183
QLD,Hughenden,152,545,697,5,702
QLD,Ilfracombe,20,100,120,1,121
QLD,Imbil,189,588,777,6,783
QLD,Inala,1195,1455,2650,22,2672
QLD,Inala West,589,902,1491,19,1510
QLD,Indooroopilly,923,717,1640,12,1652
QLD,Indooroopilly East,1105,829,1934,3,1937
QLD,Indooroopilly West,1758,1066,2824,12,2836
QLD,Ingham,674,1527,2201,39,2240
QLD,Ingham Hospital,371,885,1256,6,1262
QLD,Inglestone,15,106,121,0,121
QLD,Inglewood,227,539,766,3,769
QLD,Injinoo,160,93,253,0,253
QLD,Injune,41,263,304,9,313
QLD,Inkerman,38,138,176,0,176
QLD,Innisfail,680,1520,2200,19,2219
QLD,Innisfail East,317,938,1255,12,1267
QLD,Innisfail Hospital,187,371,558,7,565
QLD,Innot Hot Springs,24,95,119,0,119
QLD,Inverlaw,17,151,168,0,168
QLD,Ipswich,142,256,398,4,402
QLD,Ipswich Hospital,97,151,248,5,253
QLD,Ironside,1764,997,2761,11,2772
QLD,Irvinebank,20,44,64,1,65
QLD,Isisford,17,51,68,0,68
QLD,Isle Of Capri,921,1313,2234,16,2250
QLD,Ithaca Creek,788,502,1290,5,1295
QLD,Ithaca South,944,478,1422,6,1428
QLD,Jacobs Well,101,276,377,4,381
QLD,Jambin,22,191,213,0,213
QLD,Jamboree Heights,2539,2288,4827,32,4859
QLD,Jandowae,109,607,716,4,720
QLD,Jarvisfield,64,268,332,2,334
QLD,Jericho,9,118,127,1,128
QLD,Jimboomba,1377,3284,4661,57,4718
QLD,Jimbour,20,106,126,0,126
QLD,Jimna,11,48,59,1,60
QLD,Jindalee,1811,1755,3566,32,3598
QLD,Jindalee South,584,577,1161,5,1166
QLD,Jinibara,199,264,463,2,465
QLD,Jondaryan,46,245,291,0,291
QLD,Jones Hill,281,638,919,5,924
QLD,Julatten,134,224,358,2,360
QLD,Julia Creek,65,218,283,1,284
QLD,Junction Park,703,650,1353,11,1364
QLD,Jundah,16,62,78,0,78
QLD,Kaimkillenbun,20,205,225,3,228
QLD,Kairi,98,311,409,4,413
QLD,Kalamia,106,292,398,2,400
QLD,Kalbar,145,709,854,4,858
QLD,Kalinga,893,745,1638,12,1650
QLD,Kalkadoon,221,414,635,7,642
QLD,Kalkie,207,471,678,10,688
QLD,Kallangur,1555,3011,4566,40,4606
QLD,Kallangur East,489,1034,1523,19,1542
QLD,Kallangur West,228,407,635,3,638
QLD,Kandanga,99,342,441,0,441
QLD,Kangaroo Point,830,646,1476,5,1481
QLD,Karalee,798,1333,2131,11,2142
QLD,Karana Downs,1101,1347,2448,6,2454
QLD,Karara,22,82,104,0,104
QLD,Karumba,69,175,244,3,247
QLD,Kawana Waters,1249,1853,3102,21,3123
QLD,Kawungan,790,1742,2532,21,2553
QLD,Kedron,880,949,1829,22,1851
QLD,Kedron Heights,701,715,1416,5,1421
QLD,Keebra Park,582,984,1566,19,1585
QLD,Kelso,695,1395,2090,19,2109
QLD,Kelvin Grove,743,492,1235,10,1245
QLD,Kenilworth,183,433,616,4,620
QLD,Kenmore,1917,1416,3333,13,3346
QLD,Kenmore South,1653,1273,2926,21,2947
QLD,Kennedy,46,156,202,1,203
QLD,Kentville,38,173,211,3,214
QLD,Keperra,1061,1523,2584,27,2611
QLD,Kepnock,375,1027,1402,7,1409
QLD,Keppel Sands,86,219,305,2,307
QLD,Kerry,49,155,204,3,207
QLD,Kilcoy,267,1037,1304,11,1315
QLD,Kilcummin,13,67,80,0,80
QLD,Kilkivan,86,357,443,2,445
QLD,Killarney,119,655,774,2,776
QLD,Kimberley Park,621,748,1369,8,1377
QLD,Kin Kin,119,215,334,4,338
QLD,Kin Kora,794,1429,2223,11,2234
QLD,Kindon,9,43,52,0,52
QLD,Kingaroy,727,2785,3512,22,3534
QLD,Kingsthorpe,193,694,887,5,892
QLD,Kingston,900,2190,3090,32,3122
QLD,Kippa-Ring,1099,2283,3382,20,3402
QLD,Kippa-Ring North,515,1171,1686,6,1692
QLD,Kippa-Ring West,549,1080,1629,9,1638
QLD,Kirra,610,826,1436,11,1447
QLD,Kirwan,1082,1842,2924,17,2941
QLD,Kirwan South,1385,2484,3869,24,3893
QLD,Kogan,16,87,103,0,103
QLD,Koongal,241,512,753,5,758
QLD,Koumala,89,437,526,2,528
QLD,Kowanyama,106,381,487,15,502
QLD,Kruger School,1279,2825,4104,52,4156
QLD,Kulpi,30,197,227,0,227
QLD,Kuluin,723,1273,1996,15,2011
QLD,Kumbia,74,350,424,1,425
QLD,Kupunn,14,108,122,0,122
QLD,Kuraby,650,853,1503,20,1523
QLD,Kuranda,761,846,1607,11,1618
QLD,Kureelpa,173,296,469,2,471
QLD,Kurrimine Beach,86,298,384,0,384
QLD,Kurwongbah,875,1226,2101,14,2115
QLD,Kybong,98,262,360,2,362
QLD,Labrador,989,1763,2752,28,2780
QLD,Laidley,504,1804,2308,14,2322
QLD,Lake Clarendon,42,241,283,4,287
QLD,Lake Cooroibah,24,46,70,0,70
QLD,Lake Sherrin,203,354,557,5,562
QLD,Lakes Creek,235,625,860,5,865
QLD,Lamb Island,64,101,165,1,166
QLD,Landsborough,552,1095,1647,12,1659
QLD,Laura,19,39,58,0,58
QLD,Lawes,20,41,61,0,61
QLD,Lawgi,6,97,103,0,103
QLD,Lawnton,1137,2091,3228,25,3253
QLD,Leichhardt,211,733,944,5,949
QLD,Leichhardt School,361,1170,1531,14,1545
QLD,Leyburn,43,126,169,0,169
QLD,Lindum,375,666,1041,7,1048
QLD,Little Mountain,355,707,1062,6,1068
QLD,Lockhart River,113,117,230,3,233
QLD,Logan Reserve,348,810,1158,11,1169
QLD,Logan Village,815,1877,2692,26,2718
QLD,Loganholme,1179,2088,3267,18,3285
QLD,Loganlea,588,1069,1657,10,1667
QLD,Long Pocket,38,108,146,0,146
QLD,Longreach,467,1273,1740,8,1748
QLD,Lota,615,864,1479,16,1495
QLD,Lower Tully,67,229,296,0,296
QLD,Lowmead,16,77,93,0,93
QLD,Lowood,323,1140,1463,9,1472
QLD,Lucinda,92,228,320,0,320
QLD,Lutwyche,589,493,1082,14,1096
QLD,Lutwyche East,345,363,708,7,715
QLD,Ma Ma Creek,28,200,228,0,228
QLD,Mabel Park,1242,2400,3642,51,3693
QLD,Macalister,23,96,119,0,119
QLD,Macgregor,913,1097,2010,12,2022
QLD,Machans Beach,289,228,517,9,526
QLD,Mackay,410,760,1170,15,1185
QLD,Mackay East,173,293,466,3,469
QLD,Mackay Hospital,149,323,472,10,482
QLD,Mackay Mater Hospital,164,340,504,4,508
QLD,Mackay South,871,1808,2679,17,2696
QLD,Mackay West,745,1612,2357,15,2372
QLD,Macknade,81,217,298,4,302
QLD,Maclagan,16,104,120,0,120
QLD,Macleay Island,292,507,799,4,803
QLD,Maidenwell,43,167,210,1,211
QLD,Main Beach,851,1032,1883,14,1897
QLD,Majestic Park,394,407,801,4,805
QLD,Malanda,488,1357,1845,18,1863
QLD,Maleny,1219,1632,2851,31,2882
QLD,Mango Hill,249,481,730,2,732
QLD,Manly,405,494,899,10,909
QLD,Manly School,637,865,1502,10,1512
QLD,Manly West,924,1279,2203,18,2221
QLD,Mansfield,2146,2679,4825,39,4864
QLD,Mapleton,409,626,1035,8,1043
QLD,Marburg,113,391,504,3,507
QLD,Mareeba,849,2038,2887,30,2917
QLD,Mareeba Hospital,195,538,733,8,741
QLD,Mareeba West,338,885,1223,6,1229
QLD,Margate,1061,2151,3212,24,3236
QLD,Marian,237,561,798,5,803
QLD,Market Square,1142,1085,2227,22,2249
QLD,Marlborough,24,135,159,0,159
QLD,Maroochydore,947,1509,2456,19,2475
QLD,Maroochydore East,842,1450,2292,17,2309
QLD,Marsden,966,2278,3244,29,3273
QLD,Marshall Road,943,1057,2000,10,2010
QLD,Maryborough,1055,2838,3893,33,3926
QLD,Maryborough West,560,1746,2306,17,2323
QLD,Maryvale,52,122,174,0,174
QLD,Massie,42,169,211,1,212
QLD,Mater Hospital,699,506,1205,22,1227
QLD,McDowall,1977,1888,3865,23,3888
QLD,Mcdonnell Creek,49,167,216,0,216
QLD,Mckinlay,3,23,26,0,26
QLD,Meandarra,29,213,242,0,242
QLD,Memerambi,55,310,365,0,365
QLD,Mena Creek,114,256,370,2,372
QLD,Merinda,125,355,480,7,487
QLD,Meringandan,150,433,583,1,584
QLD,Mermaid Beach,545,699,1244,5,1249
QLD,Mermaid Waters,1550,2014,3564,23,3587
QLD,Merrimac,1316,1984,3300,20,3320
QLD,Merrimac High,644,872,1516,8,1524
QLD,Merthyr,717,583,1300,17,1317
QLD,Miallo,102,245,347,3,350
QLD,Miami,709,998,1707,13,1720
QLD,Miami West,1236,1884,3120,20,3140
QLD,Middle Park,1790,1703,3493,21,3514
QLD,Middle Ridge,866,2171,3037,9,3046
QLD,Middlemount,549,324,873,4,877
QLD,Miles,164,749,913,2,915
QLD,Millaa Millaa,103,357,460,2,462
QLD,Millaroo,14,78,92,0,92
QLD,Millbank,401,1028,1429,12,1441
QLD,Millmerran,190,865,1055,16,1071
QLD,Milton,1823,1012,2835,18,2853
QLD,Minden,151,426,577,2,579
QLD,Mingela,8,34,42,0,42
QLD,Minyama,320,572,892,8,900
QLD,Mirani,183,577,760,3,763
QLD,Miriam Vale,90,353,443,2,445
QLD,Miriwinni,99,384,483,3,486
QLD,Mission Beach,316,449,765,10,775
QLD,Mitchell,126,503,629,5,634
QLD,Mitchelton,1029,1221,2250,12,2262
QLD,Moana Park,788,1369,2157,22,2179
QLD,Moggill,1483,1417,2900,19,2919
QLD,Mondure,27,169,196,0,196
QLD,Monkland,196,478,674,1,675
QLD,Monto,160,916,1076,2,1078
QLD,Montville,286,342,628,1,629
QLD,Mooloolaba,1374,1991,3365,24,3389
QLD,Mooloolah,346,658,1004,7,1011
QLD,Moonford,25,64,89,0,89
QLD,Moonie,28,122,150,0,150
QLD,Moore,46,233,279,2,281
QLD,Moore Park,311,516,827,4,831
QLD,Moorooka,319,450,769,6,775
QLD,Moorooka School,1164,1333,2497,18,2515
QLD,Moorvale,340,444,784,3,787
QLD,Moranbah,491,860,1351,7,1358
QLD,Moranbah West,574,887,1461,4,1465
QLD,Morayfield,1430,2970,4400,36,4436
QLD,Morayfield East,642,1310,1952,14,1966
QLD,Morayfield West,693,1434,2127,14,2141
QLD,Moresby,67,202,269,0,269
QLD,Moreton Downs,138,237,375,7,382
QLD,Morningside,830,923,1753,22,1775
QLD,Morningside State School,766,633,1399,11,1410
QLD,Mornington Island,217,234,451,7,458
QLD,Morven,26,119,145,0,145
QLD,Mossman,608,1236,1844,12,1856
QLD,Mothar Mountain,55,164,219,1,220
QLD,Mount Alford,62,263,325,0,325
QLD,Mount Archer,750,1399,2149,8,2157
QLD,Mount Coolum,499,544,1043,8,1051
QLD,Mount Garnet,77,227,304,0,304
QLD,Mount Gravatt,1513,1757,3270,20,3290
QLD,Mount Gravatt East,1498,1943,3441,23,3464
QLD,Mount Isa,809,1177,1986,22,2008
QLD,Mount Isa Hospital,146,188,334,0,334
QLD,Mount Isa West,166,259,425,6,431
QLD,Mount Julian,55,173,228,4,232
QLD,Mount Kilcoy,52,213,265,0,265
QLD,Mount Larcom,88,257,345,1,346
QLD,Mount Lofty,402,1030,1432,10,1442
QLD,Mount Louisa,562,1042,1604,12,1616
QLD,Mount Mee,56,150,206,0,206
QLD,Mount Molloy,58,125,183,3,186
QLD,Mount Morgan,308,1046,1354,9,1363
QLD,Mount Nebo,225,100,325,2,327
QLD,Mount Ossa,31,174,205,0,205
QLD,Mount Perry,35,217,252,2,254
QLD,Mount Surprise,11,54,65,0,65
QLD,Mount Sylvia,33,176,209,1,210
QLD,Mount Tarampa,63,204,267,0,267
QLD,Mount Thompson,722,778,1500,7,1507
QLD,Mount Tyson,42,212,254,1,255
QLD,Mount Warren Park,1160,2218,3378,19,3397
QLD,Mountain Creek,1173,1789,2962,25,2987
QLD,Moura,258,791,1049,10,1059
QLD,Mourilyan,208,577,785,9,794
QLD,Mt Cotton,385,757,1142,10,1152
QLD,Mt Petrie,446,565,1011,6,1017
QLD,Muckadilla,3,47,50,0,50
QLD,Mudgeeraba,701,1120,1821,19,1840
QLD,Mudjimba,401,574,975,2,977
QLD,Mulgildie,35,217,252,1,253
QLD,Mundingburra,1239,1588,2827,23,2850
QLD,Mundingburra South,504,729,1233,8,1241
QLD,Mundubbera,242,870,1112,8,1120
QLD,Mungallala,7,70,77,0,77
QLD,Mungar,85,293,378,0,378
QLD,Mungindi,17,65,82,0,82
QLD,Murarrie,487,733,1220,15,1235
QLD,Murgon,304,1308,1612,7,1619
QLD,Murphys Creek,92,246,338,3,341
QLD,Murray Upper,71,195,266,2,268
QLD,Murrays Bridge,27,115,142,0,142
QLD,Murrumba Downs,940,1579,2519,10,2529
QLD,Musgrave Hill,1195,1982,3177,33,3210
QLD,Mutchilba,80,167,247,2,249
QLD,Mutdapilly,51,225,276,1,277
QLD,Muttaburra,9,54,63,1,64
QLD,Nambour,771,1508,2279,19,2298
QLD,Nambour Heights,269,628,897,3,900
QLD,Nambour Hospital,348,567,915,6,921
QLD,Nambour South,447,829,1276,9,1285
QLD,Nanango,639,2042,2681,18,2699
QLD,Napranum,120,281,401,10,411
QLD,Narangba,1068,1823,2891,19,2910
QLD,Nebo,38,271,309,3,312
QLD,Nebo Road,416,1029,1445,14,1459
QLD,Nelly Bay,248,281,529,2,531
QLD,Nerang,638,1145,1783,13,1796
QLD,Nerang South,2056,3527,5583,64,5647
QLD,Nerang West,1377,2476,3853,36,3889
QLD,New Farm,1785,973,2758,15,2773
QLD,New Mapoon,80,97,177,2,179
QLD,Newmarket,998,752,1750,20,1770
QLD,Newmarket South,401,376,777,7,784
QLD,Newtown,752,2051,2803,27,2830
QLD,Newtown Ipswich,346,639,985,6,991
QLD,Ningi,663,1385,2048,24,2072
QLD,Nobby,25,181,206,1,207
QLD,Nome,395,641,1036,4,1040
QLD,Noosa Heads,1892,1625,3517,22,3539
QLD,Noosaville,1391,1694,3085,28,3113
QLD,Noosaville East,559,670,1229,9,1238
QLD,Noosaville West,585,863,1448,7,1455
QLD,Norman Creek,996,891,1887,19,1906
QLD,Norman Park,702,539,1241,8,1249
QLD,Norman Road,611,953,1564,7,1571
QLD,Normanton,172,403,575,6,581
QLD,North Arm,79,150,229,2,231
QLD,North Booval,413,883,1296,8,1304
QLD,North Eton,29,99,128,0,128
QLD,North Ipswich,378,976,1354,14,1368
QLD,North Mackay,221,589,810,6,816
QLD,North Rockhampton,1179,2464,3643,19,3662
QLD,North Ward,1224,1325,2549,16,2565
QLD,Northgate,575,784,1359,4,1363
QLD,Norville,725,1635,2360,25,2385
QLD,Nudgee,359,477,836,9,845
QLD,Nudgee Beach,61,101,162,1,163
QLD,Numinbah Valley,25,76,101,0,101
QLD,Nundah,1616,1866,3482,23,3505
QLD,Nundah North,387,617,1004,12,1016
QLD,Nundah West,593,836,1429,8,1437
QLD,Oakenden,9,61,70,1,71
QLD,Oakey,498,1729,2227,18,2245
QLD,Oakwood,189,458,647,0,647
QLD,Ocean View Avenue,296,435,731,6,737
QLD,Oonoonba,363,617,980,6,986
QLD,Ormeau,522,933,1455,12,1467
QLD,Ormiston,925,1365,2290,12,2302
QLD,Osborne,46,172,218,1,219
QLD,Oxenford,467,940,1407,13,1420
QLD,Oxford Park,689,839,1528,14,1542
QLD,Oxley,452,429,881,5,886
QLD,Oxley South,632,884,1516,15,1531
QLD,Pacific Paradise,562,992,1554,8,1562
QLD,Paddington,887,502,1389,13,1402
QLD,Pallara,208,354,562,5,567
QLD,Pallarenda,228,271,499,0,499
QLD,Palm Beach,655,1163,1818,6,1824
QLD,Palm Beach North,1416,2066,3482,33,3515
QLD,Palm Beach South,1066,1358,2424,20,2444
QLD,Palm Island,381,304,685,2,687
QLD,Palmwoods,622,1173,1795,22,1817
QLD,Paradise Lakes,431,926,1357,13,1370
QLD,Paradise Point,998,1886,2884,16,2900
QLD,Park Avenue,806,1740,2546,15,2561
QLD,Park Ridge,1251,2375,3626,27,3653
QLD,Parkhurst,510,1104,1614,7,1621
QLD,Parkside,185,486,671,5,676
QLD,Parramatta,1266,1570,2836,30,2866
QLD,Peachester,194,362,556,3,559
QLD,Peak Crossing,171,460,631,5,636
QLD,Pentland,21,124,145,0,145
QLD,Peregian Beach,849,818,1667,13,1680
QLD,Perseverance,43,146,189,1,190
QLD,Petrie,1046,1734,2780,16,2796
QLD,Petrie Terrace,548,297,845,5,850
QLD,Pialba,1025,2342,3367,23,3390
QLD,Picnic Bay,120,113,233,2,235
QLD,Pie Creek,85,263,348,2,350
QLD,Pilton,27,128,155,0,155
QLD,Pimlico,867,1094,1961,8,1969
QLD,Pimpama,93,162,255,2,257
QLD,Pine Mountain,106,284,390,2,392
QLD,Pinjarra Hills,97,94,191,4,195
QLD,Pinkenba,80,154,234,2,236
QLD,Pioneer High School,895,1676,2571,22,2593
QLD,Pittsworth,381,1374,1755,9,1764
QLD,Planlands,131,317,448,3,451
QLD,Point Lookout,253,264,517,3,520
QLD,Point Vernon,524,1185,1709,15,1724
QLD,Pomona,535,820,1355,7,1362
QLD,Pormpuraaw,63,173,236,5,241
QLD,Port Curtis,62,169,231,2,233
QLD,Port Douglas,715,762,1477,12,1489
QLD,Prairie,10,44,54,0,54
QLD,Pratten,17,104,121,0,121
QLD,Princess Alexandra Hospital,170,176,346,9,355
QLD,Proserpine,663,1857,2520,20,2540
QLD,Proserpine Hospital,167,377,544,8,552
QLD,Proston,74,330,404,1,405
QLD,Pullenvale,466,395,861,5,866
QLD,Queens Beach,399,659,1058,9,1067
QLD,Queenton,310,922,1232,4,1236
QLD,Quilpie,87,273,360,3,363
QLD,Quinalow,12,152,164,0,164
QLD,Racecourse,82,247,329,1,330
QLD,Raceview School,940,2201,3141,13,3154
QLD,Railway Estate,614,858,1472,8,1480
QLD,Rainbow Beach,142,318,460,3,463
QLD,Rainworth,1156,735,1891,9,1900
QLD,Rangeville,1157,2373,3530,28,3558
QLD,Rasmussen,746,1510,2256,18,2274
QLD,Rathdowney,67,393,460,4,464
QLD,Ravenshoe,283,870,1153,13,1166
QLD,Ravenswood,33,104,137,1,138
QLD,Red Hill,1080,368,1448,14,1462
QLD,Redbank,220,481,701,7,708
QLD,Redbank Plains,683,1429,2112,20,2132
QLD,Redcliffe,946,1760,2706,29,2735
QLD,Redcliffe Hospital,414,773,1187,13,1200
QLD,Redland Bay,1107,2183,3290,25,3315
QLD,Redlynch,542,719,1261,1,1262
QLD,Reedy Creek,280,560,840,4,844
QLD,Regents Park,740,1416,2156,18,2174
QLD,Regina Caeli,231,236,467,3,470
QLD,Richlands,346,598,944,13,957
QLD,Richlands East,486,995,1481,14,1495
QLD,Richmond,65,316,381,1,382
QLD,Richmond Hill,233,654,887,3,890
QLD,Ridgelands,33,138,171,0,171
QLD,Riverview,335,761,1096,13,1109
QLD,Roadvale,68,274,342,1,343
QLD,Robertson,1013,849,1862,10,1872
QLD,Robina,1335,1800,3135,17,3152
QLD,Robina North,1014,1513,2527,17,2544
QLD,Rochedale,550,895,1445,9,1454
QLD,Rochedale South,1133,1782,2915,23,2938
QLD,Rockhampton,207,362,569,3,572
QLD,Rockhampton Central,162,292,454,6,460
QLD,Rockhampton High School,623,1311,1934,5,1939
QLD,Rockhampton South,508,893,1401,8,1409
QLD,Rocklea,295,520,815,6,821
QLD,Rockville,286,898,1184,10,1194
QLD,Roles Hill,584,860,1444,15,1459
QLD,Rolleston,21,124,145,1,146
QLD,Rollingstone,186,370,556,2,558
QLD,Roma,330,1337,1667,8,1675
QLD,Roma School,346,1366,1712,18,1730
QLD,Roma West,102,436,538,5,543
QLD,Rosedale,100,277,377,5,382
QLD,Rosevale,8,128,136,0,136
QLD,Rosewood,418,1640,2058,4,2062
QLD,Rothwell,348,803,1151,14,1165
QLD,Royal Brisbane Hospital,176,128,304,4,308
QLD,Rubyvale,90,185,275,1,276
QLD,Runaway Bay,1330,2448,3778,23,3801
QLD,Runcorn,1987,2406,4393,38,4431
QLD,Runcorn Heights,1811,1975,3786,36,3822
QLD,Runcorn High School,314,337,651,6,657
QLD,Russell Island,263,437,700,4,704
QLD,Ryeford,14,117,131,0,131
QLD,Salisbury,1302,1785,3087,20,3107
QLD,Samford,1718,1874,3592,34,3626
QLD,Sandgate,1102,1556,2658,19,2677
QLD,Sapphire,50,174,224,3,227
QLD,Sarina,786,2232,3018,26,3044
QLD,Sarina Beach,126,262,388,1,389
QLD,Sarina Range,15,90,105,0,105
QLD,Scarborough,1105,1929,3034,13,3047
QLD,Scarborough North,416,722,1138,12,1150
QLD,Scarness,277,875,1152,7,1159
QLD,Seaforth,220,490,710,4,714
QLD,Septimus,8,86,94,1,95
QLD,Serviceton,788,1160,1948,14,1962
QLD,Serviceton South,707,1179,1886,25,1911
QLD,Seven Hills College,739,733,1472,8,1480
QLD,Seville Road,593,740,1333,11,1344
QLD,Shailer Park,1745,2423,4168,36,4204
QLD,Sharon,143,453,596,3,599
QLD,Shelly Beach,484,677,1161,4,1165
QLD,Sherwood,852,712,1564,10,1574
QLD,Shinfield,50,190,240,1,241
QLD,Shorncliffe,660,755,1415,14,1429
QLD,Silkstone,847,2162,3009,20,3029
QLD,Silkwood,92,313,405,10,415
QLD,Sinnamon Park,562,578,1140,3,1143
QLD,Sippy Downs,389,713,1102,5,1107
QLD,Slacks Creek,1806,2755,4561,41,4602
QLD,Slade Point,678,1178,1856,10,1866
QLD,Soldiers Hill,358,654,1012,8,1020
QLD,Somerset Dam,29,46,75,0,75
QLD,Somerset Hills,857,1229,2086,13,2099
QLD,South Brisbane,1039,600,1639,12,1651
QLD,South End,555,1259,1814,10,1824
QLD,South Johnstone,123,310,433,3,436
QLD,South Kolan,143,460,603,3,606
QLD,South Mission Beach,189,235,424,5,429
QLD,Southbrook,58,293,351,1,352
QLD,Southport,820,1252,2072,27,2099
QLD,Southport North,234,329,563,3,566
QLD,Southport West,510,904,1414,13,1427
QLD,Southtown,1037,2335,3372,18,3390
QLD,Spring Hill,590,463,1053,6,1059
QLD,Springbrook,133,134,267,4,271
QLD,Springsure,117,585,702,2,704
QLD,Springwood Central,830,1231,2061,17,2078
QLD,Springwood Road,1613,2519,4132,33,4165
QLD,St Brendan's College,326,558,884,7,891
QLD,St George,319,1222,1541,11,1552
QLD,St Helens,147,487,634,9,643
QLD,St James,478,478,956,4,960
QLD,St Josephs,450,1041,1491,6,1497
QLD,St Josephs College,316,623,939,6,945
QLD,St Lawrence,34,109,143,2,145
QLD,St Lucia,1229,724,1953,7,1960
QLD,St Ruth,13,38,51,0,51
QLD,St. Bernard,325,541,866,2,868
QLD,Stafford,994,1304,2298,12,2310
QLD,Stafford Central,460,702,1162,9,1171
QLD,Stafford Heights,1088,1369,2457,25,2482
QLD,Stafford West,518,723,1241,12,1253
QLD,Stanthorpe,638,1311,1949,21,1970
QLD,Stanthorpe South,160,370,530,4,534
QLD,Stanthorpe West,169,428,597,9,606
QLD,Stanwell,46,201,247,0,247
QLD,Stephens,1096,1896,2992,28,3020
QLD,Stockyard Creek,45,120,165,1,166
QLD,Stratford,531,533,1064,6,1070
QLD,Strathpine,677,1364,2041,22,2063
QLD,Strathpine East,502,798,1300,11,1311
QLD,Strathpine West,805,1273,2078,23,2101
QLD,Stuart,229,406,635,2,637
QLD,Studio Village,775,1482,2257,22,2279
QLD,Sunnybank,1078,1156,2234,13,2247
QLD,Sunnybank Hills,2500,2386,4886,33,4919
QLD,Sunset,497,954,1451,11,1462
QLD,Surat,76,314,390,3,393
QLD,Surfers Paradise,532,735,1267,16,1283
QLD,Taabinga,230,999,1229,6,1235
QLD,Taigum,733,1168,1901,10,1911
QLD,Tallai,1558,2419,3977,30,4007
QLD,Tallebudgera,511,818,1329,6,1335
QLD,Tallebudgera Valley,98,215,313,1,314
QLD,Talwood,14,119,133,1,134
QLD,Tambo,53,243,296,1,297
QLD,Tamborine,316,720,1036,7,1043
QLD,Tamborine North,754,1288,2042,11,2053
QLD,Tamrookum,145,455,600,3,603
QLD,Tamwoy,153,160,313,1,314
QLD,Tangalooma,25,47,72,0,72
QLD,Tannum Sands,593,795,1388,9,1397
QLD,Tansey,19,135,154,2,156
QLD,Tara,171,763,934,2,936
QLD,Tarampa,63,294,357,4,361
QLD,Taranganba,703,1418,2121,16,2137
QLD,Taringa,865,572,1437,9,1446
QLD,Taroom,85,523,608,0,608
QLD,Tarragindi,555,558,1113,8,1121
QLD,Tarragindi East,572,568,1140,13,1153
QLD,Tennyson,106,114,220,0,220
QLD,Tewantin,1796,2573,4369,37,4406
QLD,Texas,103,509,612,10,622
QLD,Thabeban,564,1450,2014,12,2026
QLD,Thallon,29,109,138,0,138
QLD,Thangool,87,331,418,3,421
QLD,Thargomindah,17,96,113,0,113
QLD,The Caves,165,499,664,2,666
QLD,The Gap,1852,1480,3332,32,3364
QLD,The Gap East,1757,1309,3066,13,3079
QLD,The Gap West,1156,917,2073,9,2082
QLD,The Gums,8,89,97,1,98
QLD,The Range,361,581,942,3,945
QLD,The Summit,95,226,321,1,322
QLD,The Weir,831,1464,2295,17,2312
QLD,Theodore,80,498,578,7,585
QLD,Thompson Estate,224,230,454,4,458
QLD,Thorneside,491,872,1363,7,1370
QLD,Thornlands,1461,2348,3809,19,3828
QLD,Thornton,17,117,134,1,135
QLD,Thursday Island,418,468,886,9,895
QLD,Tiaro,92,373,465,7,472
QLD,Tieri,232,354,586,3,589
QLD,Tin Can Bay,426,1070,1496,7,1503
QLD,Tinana,543,1563,2106,7,2113
QLD,Tingalpa,1367,1928,3295,33,3328
QLD,Tivoli,391,915,1306,10,1316
QLD,Tolga,329,888,1217,11,1228
QLD,Toobanna,74,291,365,6,371
QLD,Toobeah,29,116,145,1,146
QLD,Toogoolawah,215,881,1096,5,1101
QLD,Toogoom,181,333,514,4,518
QLD,Toolooa,148,256,404,1,405
QLD,Toorbul,106,376,482,1,483
QLD,Toowong,1704,1144,2848,20,2868
QLD,Toowong West,565,367,932,2,934
QLD,Toowoomba City,478,1063,1541,13,1554
QLD,Toowoomba East,993,1566,2559,13,2572
QLD,Toowoomba North,271,579,850,6,856
QLD,Toowoomba Taylor St,381,917,1298,18,1316
QLD,Toowoomba West,464,1614,2078,12,2090
QLD,Tor Street North,534,1604,2138,11,2149
QLD,Torbanlea,89,319,408,2,410
QLD,Torquay,1221,2527,3748,25,3773
QLD,Townsville City,311,276,587,7,594
QLD,Townsville Hospital,270,292,562,6,568
QLD,Townsville South,378,539,917,8,925
QLD,Townsville West,287,369,656,3,659
QLD,Townview,351,648,999,5,1004
QLD,Trebonne,105,331,436,3,439
QLD,Trinity Beach,1484,1692,3176,25,3201
QLD,Tugun,1361,1961,3322,17,3339
QLD,Tully,471,997,1468,11,1479
QLD,Tully Hospital,163,421,584,6,590
QLD,Ubobo,15,86,101,0,101
QLD,Upper Barron,28,111,139,1,140
QLD,Upper Brookfield,118,131,249,4,253
QLD,Upper Coomera,332,800,1132,8,1140
QLD,Upper Mt Gravatt,1965,2481,4446,45,4491
QLD,Upper Stone,9,60,69,1,70
QLD,Upper Tenthill,38,231,269,1,270
QLD,Urangan,1190,2514,3704,23,3727
QLD,Urraween,398,992,1390,11,1401
QLD,Veteran,82,225,307,1,308
QLD,Victoria Estate,100,426,526,0,526
QLD,Victoria Park,873,1606,2479,22,2501
QLD,Victoria Point,1328,2367,3695,36,3731
QLD,Victoria Point South,730,1412,2142,18,2160
QLD,Vienna Woods,810,1499,2309,17,2326
QLD,Vincent,521,1186,1707,20,1727
QLD,Virginia,886,1076,1962,16,1978
QLD,Walkamin,66,197,263,2,265
QLD,Walkerston,593,1479,2072,27,2099
QLD,Walkervale,591,1534,2125,24,2149
QLD,Wallangarra,52,222,274,4,278
QLD,Wallaville,54,237,291,2,293
QLD,Walloon,328,1012,1340,9,1349
QLD,Wallumbilla,48,252,300,1,301
QLD,Wamuran,356,805,1161,2,1163
QLD,Wandal,268,554,822,1,823
QLD,Wandoan,49,437,486,1,487
QLD,Wangan,132,367,499,1,500
QLD,Warana,200,504,704,7,711
QLD,Warner,241,419,660,7,667
QLD,Warra,40,134,174,0,174
QLD,Warrigal Road,2356,2465,4821,29,4850
QLD,Warrill View,21,119,140,0,140
QLD,Wartburg,82,152,234,1,235
QLD,Warwick,570,1534,2104,14,2118
QLD,Warwick East,508,1545,2053,11,2064
QLD,Warwick South,82,351,433,0,433
QLD,Warwick West,446,1458,1904,13,1917
QLD,Waterford,156,263,419,4,423
QLD,Waterford West,812,1731,2543,14,2557
QLD,Wavell Heights,742,1031,1773,10,1783
QLD,Weipa North,353,525,878,11,889
QLD,Wellers Hill,1688,1589,3277,13,3290
QLD,Wellington Point,1271,1880,3151,33,3184
QLD,Wellington Point High,361,564,925,5,930
QLD,West End,1697,831,2528,28,2556
QLD,West Ipswich,166,316,482,3,485
QLD,Westbrook,125,458,583,3,586
QLD,Westwood,13,108,121,1,122
QLD,Whinstanes,249,332,581,11,592
QLD,White Rock,750,1240,1990,10,2000
QLD,Whitfield,854,1169,2023,7,2030
QLD,Widgee,74,228,302,11,313
QLD,Willows,410,596,1006,5,1011
QLD,Willows Gemfields,32,44,76,0,76
QLD,Wilsonton,824,2592,3416,23,3439
QLD,Wilston School,1802,1047,2849,20,2869
QLD,Windaroo,662,1116,1778,15,1793
QLD,Windorah,7,70,77,1,78
QLD,Windsor,836,773,1609,18,1627
QLD,Winton,126,450,576,7,583
QLD,Wishart,1122,1256,2378,20,2398
QLD,Withcott,289,775,1064,8,1072
QLD,Wolvi,82,204,286,3,289
QLD,Wondai,229,1083,1312,6,1318
QLD,Wondall Heights,1186,1853,3039,17,3056
QLD,Wondecla,57,181,238,2,240
QLD,Wonga Beach,92,200,292,1,293
QLD,Wonga Lower,64,154,218,0,218
QLD,Woodford,515,1440,1955,19,1974
QLD,Woodgate,133,308,441,3,444
QLD,Woodhill,179,611,790,4,794
QLD,Woodridge,769,1392,2161,24,2185
QLD,Woodridge North,696,1389,2085,17,2102
QLD,Woodstock,84,319,403,0,403
QLD,Woody Point,658,1286,1944,10,1954
QLD,Woolooga,19,109,128,0,128
QLD,Wooloowin,638,564,1202,10,1212
QLD,Woombye,483,1045,1528,7,1535
QLD,Woongarra,230,543,773,3,776
QLD,Woongoolba,176,557,733,6,739
QLD,Woorabinda,86,175,261,3,264
QLD,Woorim,377,625,1002,9,1011
QLD,Worongary,512,890,1402,4,1406
QLD,Wowan,39,210,249,2,251
QLD,Wulguru,1109,1873,2982,15,2997
QLD,Wyandra,7,45,52,0,52
QLD,Wynnum,697,877,1574,14,1588
QLD,Wynnum Central,509,874,1383,21,1404
QLD,Wynnum North,846,1232,2078,25,2103
QLD,Wynnum North High,468,703,1171,10,1181
QLD,Wynnum West,1074,1703,2777,20,2797
QLD,Wyreema,96,431,527,0,527
QLD,Yaamba,16,134,150,0,150
QLD,Yandaran,95,318,413,3,416
QLD,Yandina,925,1622,2547,20,2567
QLD,Yangan,74,376,450,1,451
QLD,Yarrabah,257,581,838,8,846
QLD,Yarraman,119,496,615,2,617
QLD,Yarroon,415,1006,1421,10,1431
QLD,Yarwun,89,235,324,1,325
QLD,Yelarbon,22,213,235,0,235
QLD,Yeppoon,1265,2140,3405,23,3428
QLD,Yeronga,1127,862,1989,9,1998
QLD,Yeronga West,1036,822,1858,9,1867
QLD,Yorkeys Knob,553,630,1183,7,1190
QLD,Yugumbir,1311,2385,3696,49,3745
QLD,Yuleba,20,130,150,0,150
QLD,Yumborra,218,868,1086,4,1090
QLD,Yungaburra,337,701,1038,11,1049
QLD,Zillmere,1148,1704,2852,24,2876
SA,Aberfoyle Park North,1125,1024,2149,18,2167
SA,Aberfoyle Park South,443,427,870,8,878
SA,Adelaide,142,83,225,0,225
SA,Adelaide East,465,229,694,6,700
SA,Adelaide Hospital,187,116,303,6,309
SA,Adelaide South,1056,577,1633,16,1649
SA,Adelaide West,205,111,316,4,320
SA,Albert Park,428,527,955,19,974
SA,Aldgate,1238,787,2025,14,2039
SA,Aldinga Beach,1145,1864,3009,22,3031
SA,Allenby Gardens,709,522,1231,5,1236
SA,American River,87,138,225,5,230
SA,Andrews Farm,267,932,1199,11,1210
SA,Angaston,467,1109,1576,8,1584
SA,Angle Vale,504,930,1434,24,1458
SA,Ardrossan,329,849,1178,10,1188
SA,Arno Bay,44,188,232,0,232
SA,Arthurton,28,146,174,0,174
SA,Ascot Park South,454,579,1033,15,1048
SA,Ashbourne,53,67,120,0,120
SA,Athelstone,1998,1848,3846,38,3884
SA,Athelstone West,1921,1338,3259,51,3310
SA,Auburn,126,229,355,1,356
SA,Balaklava,355,1025,1380,12,1392
SA,Balhannah,683,801,1484,7,1491
SA,Banksia Park,1046,1259,2305,16,2321
SA,Barmera,797,1329,2126,23,2149
SA,Basket Range,84,47,131,0,131
SA,Beachport,122,282,404,5,409
SA,Beaumont,1205,1090,2295,15,2310
SA,Bedford Park,442,310,752,8,760
SA,Belair,2475,1570,4045,23,4068
SA,Bellevue Heights,1155,900,2055,9,2064
SA,Berri,1113,1524,2637,34,2671
SA,Beulah Park,870,507,1377,14,1391
SA,Beverley,369,333,702,10,712
SA,Birdwood,290,441,731,3,734
SA,Birkenhead,932,1056,1988,34,2022
SA,Black Forest East,1206,801,2007,29,2036
SA,Blackwood,1308,968,2276,12,2288
SA,Blackwood Central,697,551,1248,6,1254
SA,Blair Athol North,628,903,1531,12,1543
SA,Blanchetown,113,177,290,2,292
SA,Blyth,77,272,349,4,353
SA,Booborowie,58,130,188,1,189
SA,Booleroo Centre,95,309,404,3,407
SA,Bordertown,496,1436,1932,11,1943
SA,Brahma Lodge,686,1153,1839,30,1869
SA,Bridgewater,888,701,1589,16,1605
SA,Brighton,1691,1713,3404,29,3433
SA,Brighton South,506,597,1103,9,1112
SA,Brinkworth,64,190,254,0,254
SA,Broadview,971,1055,2026,11,2037
SA,Brompton,581,370,951,10,961
SA,Brooklyn Park,893,983,1876,21,1897
SA,Brooklyn Park South,505,605,1110,13,1123
SA,Brukunga,56,115,171,2,173
SA,Burnside,2079,1543,3622,28,3650
SA,Burra,248,538,786,8,794
SA,Bute,98,282,380,4,384
SA,Cadell,101,174,275,1,276
SA,Callington,94,196,290,2,292
SA,Cambrai,65,163,228,0,228
SA,Camden Park,660,728,1388,7,1395
SA,Campbelltown,1453,1575,3028,43,3071
SA,Carpenter Rocks,69,122,191,2,193
SA,Ceduna,560,1007,1567,22,1589
SA,Charleston,68,171,239,2,241
SA,Cheltenham,659,734,1393,12,1405
SA,Cherry Gardens,238,245,483,5,488
SA,Christie Downs,803,1482,2285,24,2309
SA,Christies Beach,735,1145,1880,16,1896
SA,Christies North,381,655,1036,5,1041
SA,Clapham,1053,940,1993,20,2013
SA,Clare,933,1633,2566,15,2581
SA,Clarence Gardens,413,459,872,6,878
SA,Clarence Park,661,505,1166,8,1174
SA,Clarendon,210,242,452,4,456
SA,Cleve,187,589,776,4,780
SA,Cobdogla,152,276,428,8,436
SA,Coffin Bay,119,237,356,2,358
SA,College Park,765,373,1138,7,1145
SA,Colonel Light Gardens,917,674,1591,16,1607
SA,Compton,105,246,351,2,353
SA,Coober Pedy,512,537,1049,14,1063
SA,Coobowie,63,201,264,0,264
SA,Coomandook,57,149,206,0,206
SA,Coonalpyn,83,259,342,1,343
SA,Coonawarra,72,142,214,0,214
SA,Corny Point,53,97,150,0,150
SA,Coromandel Valley,995,771,1766,10,1776
SA,Cowandilla,1088,744,1832,39,1871
SA,Cowandilla West,321,302,623,7,630
SA,Cowell,179,548,727,5,732
SA,Crafers,789,530,1319,5,1324
SA,Craigmore,885,1733,2618,17,2635
SA,Craigmore South,1022,2022,3044,20,3064
SA,Croydon,871,587,1458,23,1481
SA,Croydon Park,819,859,1678,19,1697
SA,Croydon Park West,412,476,888,12,900
SA,Crystal Brook,309,705,1014,8,1022
SA,Cudlee Creek,71,107,178,4,182
SA,Cummins,208,629,837,3,840
SA,Curramulka,48,162,210,1,211
SA,Currency Creek,104,200,304,3,307
SA,Darke Peak,31,85,116,2,118
SA,Darlington,843,1116,1959,22,1981
SA,Davoren Park North,442,1233,1675,30,1705
SA,Davoren Park South,431,1091,1522,20,1542
SA,Daw Park,928,924,1852,19,1871
SA,Delamere,83,165,248,2,250
SA,Dernancourt,911,915,1826,15,1841
SA,Direk,282,525,807,11,818
SA,Dover Gardens,763,1064,1827,22,1849
SA,Dublin,95,365,460,6,466
SA,Echunga,346,453,799,9,808
SA,Eden Hills,777,496,1273,12,1285
SA,Eden Valley,76,147,223,0,223
SA,Edithburgh,133,262,395,3,398
SA,Edwardstown,667,870,1537,17,1554
SA,Elizabeth,260,520,780,8,788
SA,Elizabeth Downs,764,1944,2708,21,2729
SA,Elizabeth East,631,1561,2192,24,2216
SA,Elizabeth Grove,329,852,1181,14,1195
SA,Elizabeth North,547,1401,1948,24,1972
SA,Elizabeth Park,534,1439,1973,29,2002
SA,Elizabeth South,596,1357,1953,37,1990
SA,Elizabeth Vale,798,1866,2664,24,2688
SA,Elliston,98,156,254,2,256
SA,Enfield,554,788,1342,23,1365
SA,Enfield North,778,1011,1789,16,1805
SA,Enfield South,470,538,1008,12,1020
SA,Ethelton,457,463,920,13,933
SA,Eudunda,155,624,779,9,788
SA,Evanston,359,654,1013,11,1024
SA,Evanston Gardens,359,883,1242,14,1256
SA,Everard Park,396,342,738,7,745
SA,Fairview Park,789,1021,1810,10,1820
SA,Farrell Flat,36,95,131,2,133
SA,Felixstow,566,515,1081,6,1087
SA,Ferryden Park,445,690,1135,17,1152
SA,Findon,887,841,1728,23,1751
SA,Findon North,569,599,1168,10,1178
SA,Flagstaff Hill,2275,1705,3980,28,4008
SA,Flagstaff Hill East,376,288,664,4,668
SA,Flinders Park,1511,1542,3053,33,3086
SA,Forbes,1072,1360,2432,27,2459
SA,Forreston,108,97,205,1,206
SA,Frances,31,98,129,0,129
SA,Freeling,237,592,829,5,834
SA,Fulham,872,971,1843,22,1865
SA,Fulham Gardens,1896,1505,3401,59,3460
SA,Fullarton,1365,909,2274,16,2290
SA,Furner,29,101,130,1,131
SA,Gawler,667,1203,1870,21,1891
SA,Gawler East,683,1068,1751,17,1768
SA,Gawler River,72,191,263,3,266
SA,Gawler South,917,1574,2491,25,2516
SA,Gawler West,555,1215,1770,19,1789
SA,Georgetown,72,114,186,3,189
SA,Geranium,24,114,138,1,139
SA,Gilles Plains,305,321,626,10,636
SA,Gilles Plains East,580,846,1426,18,1444
SA,Gladstone,105,377,482,2,484
SA,Glandore,673,610,1283,10,1293
SA,Glen Osmond,433,327,760,4,764
SA,Glenburnie,47,154,201,1,202
SA,Glencoe,111,279,390,9,399
SA,Glenelg Central,850,802,1652,8,1660
SA,Glenelg East,821,738,1559,14,1573
SA,Glenelg North,1039,1142,2181,22,2203
SA,Glenelg South,962,925,1887,13,1900
SA,Glengowrie,803,952,1755,4,1759
SA,Glenunga,616,538,1154,3,1157
SA,Glenunga North,862,706,1568,15,1583
SA,Glossop,180,269,449,3,452
SA,Glynde,810,732,1542,19,1561
SA,Golden Grove,129,232,361,5,366
SA,Golden Grove Central,1050,1268,2318,17,2335
SA,Golden Grove East,825,896,1721,11,1732
SA,Goodwood,1334,655,1989,19,2008
SA,Goodwood Park,393,181,574,8,582
SA,Goolwa,1031,1725,2756,20,2776
SA,Gosse,25,43,68,0,68
SA,Grange,1726,1576,3302,31,3333
SA,Greenacres,609,801,1410,13,1423
SA,Greenock,297,519,816,4,820
SA,Greenways,26,61,87,2,89
SA,Greenwith,1670,2155,3825,27,3852
SA,Grovene,645,705,1350,12,1362
SA,Gumeracha,258,332,590,2,592
SA,Hackham,747,1459,2206,19,2225
SA,Hackham East,1288,2183,3471,32,3503
SA,Hackham South,589,1072,1661,18,1679
SA,Hahndorf,737,916,1653,14,1667
SA,Hallett,38,97,135,1,136
SA,Hallett Cove,1328,1428,2756,23,2779
SA,Hamley Bridge,126,289,415,3,418
SA,Hampstead Gardens,422,516,938,6,944
SA,Happy Valley,1329,1483,2812,21,2833
SA,Hardwicke Bay,21,68,89,2,91
SA,Harrogate,46,64,110,0,110
SA,Hawker,64,176,240,2,242
SA,Hawthorn,382,238,620,6,626
SA,Hawthorn West,840,622,1462,10,1472
SA,Hawthorndene,953,717,1670,10,1680
SA,Hectorville North,1264,1008,2272,37,2309
SA,Henley Beach,1251,1006,2257,26,2283
SA,Henley South,829,685,1514,12,1526
SA,Highbury East,657,761,1418,13,1431
SA,Highbury South,2102,2076,4178,34,4212
SA,Hillbank,573,1147,1720,18,1738
SA,Hillcrest,936,1183,2119,28,2147
SA,Hindmarsh,81,54,135,3,138
SA,Hindmarsh Island,87,142,229,3,232
SA,Hindmarsh Valley,56,116,172,2,174
SA,Holden Hill,1140,1304,2444,29,2473
SA,Holden Hill North,661,851,1512,13,1525
SA,Hope Forest,84,92,176,0,176
SA,Hope Valley,540,729,1269,13,1282
SA,Houghton,249,335,584,4,588
SA,Hyde Park,1038,586,1624,9,1633
SA,Hynam,45,97,142,1,143
SA,Ingle Farm,1515,2298,3813,43,3856
SA,Ingle Farm North,412,666,1078,12,1090
SA,Inman Valley,64,115,179,1,180
SA,Iron Knob,34,91,125,1,126
SA,Jamestown,359,946,1305,9,1314
SA,Jervois,38,112,150,1,151
SA,Kadina,603,1546,2149,21,2170
SA,Kalangadoo,84,246,330,4,334
SA,Kangarilla,231,274,505,3,508
SA,Kapunda,530,1201,1731,9,1740
SA,Karkoo,29,81,110,0,110
SA,Karoonda,103,371,474,6,480
SA,Karrara,1777,1678,3455,23,3478
SA,Keith,307,743,1050,8,1058
SA,Kensington Gardens,865,747,1612,7,1619
SA,Kensington Park,873,494,1367,5,1372
SA,Kent Town,249,157,406,5,411
SA,Kersbrook,224,420,644,3,647
SA,Keswick,366,316,682,4,686
SA,Keyneton,51,95,146,0,146
SA,Kidman Park,533,493,1026,16,1042
SA,Kidman Park South,1411,1013,2424,29,2453
SA,Kilburn,564,737,1301,22,1323
SA,Kilburn South,445,563,1008,19,1027
SA,Kilkenny,598,521,1119,12,1131
SA,Kimba,209,526,735,6,741
SA,Kingscote,420,970,1390,8,1398
SA,Kingston,403,936,1339,20,1359
SA,Kingswood,966,576,1542,13,1555
SA,Kirton Point,387,787,1174,12,1186
SA,Klemzig,1216,1236,2452,34,2486
SA,Kongorong,74,183,257,3,260
SA,Kurralta Park,725,681,1406,13,1419
SA,Kybybolite,24,58,82,4,86
SA,Lameroo,149,365,514,3,517
SA,Langhorne Creek,78,158,236,4,240
SA,Largs Bay,1470,1858,3328,30,3358
SA,Largs Bay Central,449,422,871,8,879
SA,Laura,156,373,529,3,532
SA,Leigh Creek,160,223,383,1,384
SA,Lenswood,180,264,444,2,446
SA,Linden Park,747,623,1370,2,1372
SA,Littlehampton,668,734,1402,13,1415
SA,Lobethal,443,815,1258,11,1269
SA,Lochiel,36,73,109,0,109
SA,Lock,53,291,344,4,348
SA,Lockleys,902,949,1851,16,1867
SA,Lockleys North,644,602,1246,21,1267
SA,Longwood,178,148,326,3,329
SA,Lonsdale,379,560,939,12,951
SA,Lower North Adelaide,660,331,991,7,998
SA,Loxton,1041,1911,2952,25,2977
SA,Loxton North,170,324,494,4,498
SA,Lucindale,183,332,515,4,519
SA,Lyndoch,405,690,1095,10,1105
SA,Lyrup,79,122,201,5,206
SA,Macclesfield,350,403,753,4,757
SA,Magill,2356,1708,4064,36,4100
SA,Magill North,981,1033,2014,18,2032
SA,Maitland,178,741,919,3,922
SA,Mallala,193,545,738,4,742
SA,Malvern,940,599,1539,1,1540
SA,Mannum,491,1254,1745,19,1764
SA,Manoora,53,155,208,1,209
SA,Mansfield Park,845,1113,1958,48,2006
SA,Marden,188,157,345,2,347
SA,Marden West,1241,985,2226,30,2256
SA,Marino,770,678,1448,4,1452
SA,Marion,527,676,1203,8,1211
SA,Marion Bay,32,59,91,0,91
SA,Marrabel,17,103,120,0,120
SA,Marryatville,560,381,941,3,944
SA,Maslin Beach,238,305,543,1,544
SA,Maylands,1101,540,1641,18,1659
SA,Mclaren Flat,294,354,648,8,656
SA,Mclaren Vale,826,1200,2026,10,2036
SA,Meadows,398,528,926,7,933
SA,Melrose,63,168,231,3,234
SA,Melrose Park,1032,1058,2090,26,2116
SA,Meningie,237,622,859,9,868
SA,Middleton,212,336,548,4,552
SA,Mil Lel,62,139,201,3,204
SA,Milang,167,358,525,5,530
SA,Mile End,1126,587,1713,26,1739
SA,Millicent,802,1701,2503,23,2526
SA,Millicent South,259,535,794,9,803
SA,Minlaton,181,594,775,14,789
SA,Minnipa,53,124,177,3,180
SA,Mitcham,1399,1199,2598,17,2615
SA,Mitchell Park,993,1107,2100,31,2131
SA,Moana,973,1320,2293,26,2319
SA,Moculta,37,94,131,0,131
SA,Modbury Central,916,1155,2071,15,2086
SA,Modbury Heights,1544,2057,3601,29,3630
SA,Modbury North,1103,1630,2733,25,2758
SA,Modbury West,1405,1614,3019,25,3044
SA,Monash,216,313,529,3,532
SA,Montacute,70,101,171,0,171
SA,Moonta,528,1295,1823,8,1831
SA,Moonta Mines,94,275,369,3,372
SA,Moorak,120,273,393,0,393
SA,Moorook,97,266,363,6,369
SA,Morgan,150,359,509,5,514
SA,Morphett Vale,1262,1974,3236,41,3277
SA,Morphett Vale East,1083,1512,2595,26,2621
SA,Morphett Vale North,659,907,1566,10,1576
SA,Morphett Vale South,324,670,994,11,1005
SA,Morphettville,517,710,1227,15,1242
SA,Mount Barker,1922,2711,4633,42,4675
SA,Mount Burr,96,229,325,5,330
SA,Mount Compass,306,515,821,13,834
SA,Mount Gambier,1202,2074,3276,31,3307
SA,Mount Gambier East,981,2088,3069,27,3096
SA,Mount Gambier North,610,1465,2075,17,2092
SA,Mount Gambier Park,793,1339,2132,18,2150
SA,Mount Gambier West,1035,2077,3112,19,3131
SA,Mount Pleasant,228,427,655,3,658
SA,Mount Torrens,141,234,375,1,376
SA,Mundulla,105,237,342,1,343
SA,Munno Para,250,730,980,6,986
SA,Murray Bridge,704,1518,2222,25,2247
SA,Murray Bridge East,356,877,1233,13,1246
SA,Murray Bridge South,889,1992,2881,29,2910
SA,Murray Bridge West,636,1487,2123,24,2147
SA,Mylor,436,289,725,5,730
SA,Mypolonga,96,242,338,4,342
SA,Myponga,150,258,408,9,417
SA,Myrtle Bank,1060,774,1834,15,1849
SA,Nailsworth,878,625,1503,15,1518
SA,Nairne,734,1045,1779,22,1801
SA,Nangula,43,123,166,0,166
SA,Nangwarry,119,229,348,9,357
SA,Napperby,160,279,439,1,440
SA,Naracoorte,649,1499,2148,16,2164
SA,Naracoorte South,527,1021,1548,6,1554
SA,Narrung,31,71,102,0,102
SA,Netherby,690,518,1208,5,1213
SA,Netley,743,866,1609,16,1625
SA,Newton,955,739,1694,27,1721
SA,Nildottie,39,114,153,3,156
SA,Noarlunga Downs,397,754,1151,6,1157
SA,North Adelaide,1560,879,2439,17,2456
SA,North Brighton,638,705,1343,9,1352
SA,North Haven,1205,1333,2538,14,2552
SA,North Shields,109,278,387,6,393
SA,Northfield,369,644,1013,12,1025
SA,Northfield South,604,943,1547,23,1570
SA,Norton Summit,321,228,549,8,557
SA,Norwood,1299,663,1962,15,1977
SA,Norwood West,1296,574,1870,15,1885
SA,Novar Gardens,793,995,1788,14,1802
SA,Nuriootpa,977,2044,3021,17,3038
SA,O B Flat,42,107,149,2,151
SA,O'Halloran Hill,1377,1468,2845,20,2865
SA,O'Sullivan Beach,530,824,1354,7,1361
SA,Oaklands Park,572,806,1378,12,1390
SA,Old Noarlunga,227,393,620,8,628
SA,One Tree Hill,454,639,1093,11,1104
SA,Onkaparinga Hills,582,878,1460,16,1476
SA,Orroroo,140,403,543,5,548
SA,Ottoway,833,822,1655,24,1679
SA,Owen,110,262,372,6,378
SA,Padthaway,87,262,349,0,349
SA,Palmer,36,116,152,2,154
SA,Panorama,606,486,1092,13,1105
SA,Para Hills,1406,2422,3828,34,3862
SA,Para Hills East,662,922,1584,10,1594
SA,Para Hills West,613,1134,1747,18,1765
SA,Para Vista,1178,1754,2932,24,2956
SA,Paracombe,123,169,292,3,295
SA,Paradise,926,784,1710,25,1735
SA,Paradise West,609,519,1128,12,1140
SA,Parafield Gardens,723,1153,1876,29,1905
SA,Parafield Gardens Central,1423,2462,3885,53,3938
SA,Parafield Gardens North West,999,1849,2848,31,2879
SA,Paralowie,1553,2956,4509,56,4565
SA,Paralowie West,999,1803,2802,38,2840
SA,Parawa,43,65,108,2,110
SA,Parilla,25,90,115,0,115
SA,Paringa,271,416,687,12,699
SA,Park Holme,625,973,1598,19,1617
SA,Park Holme South,727,858,1585,17,1602
SA,Parkside East,1530,753,2283,19,2302
SA,Parndana,89,209,298,2,300
SA,Pasadena,1454,1266,2720,40,2760
SA,Paskeville,43,153,196,3,199
SA,Peake,13,143,156,2,158
SA,Penneshaw,115,169,284,3,287
SA,Pennington,844,759,1603,15,1618
SA,Penola,375,773,1148,9,1157
SA,Peterborough,316,873,1189,18,1207
SA,Piccadilly,273,196,469,6,475
SA,Pimpala,833,1248,2081,15,2096
SA,Pine Point,58,115,173,0,173
SA,Pinnaroo,147,319,466,7,473
SA,Plympton,907,1054,1961,23,1984
SA,Plympton Park,679,763,1442,14,1456
SA,Plympton West,675,721,1396,18,1414
SA,Point Pass,36,97,133,0,133
SA,Ponde,34,138,172,2,174
SA,Poochera,16,110,126,0,126
SA,Pooraka,1689,2072,3761,47,3808
SA,Port Adelaide,315,298,613,5,618
SA,Port Augusta Central,377,750,1127,8,1135
SA,Port Augusta East,650,1363,2013,17,2030
SA,Port Augusta West,555,1326,1881,26,1907
SA,Port Broughton,318,696,1014,9,1023
SA,Port Clinton,65,271,336,0,336
SA,Port Elliot,440,669,1109,11,1120
SA,Port Germein,77,222,299,3,302
SA,Port Kenny,47,99,146,4,150
SA,Port Lincoln,1239,2293,3532,42,3574
SA,Port Lincoln Central,665,1287,1952,10,1962
SA,Port Lincoln South,253,782,1035,12,1047
SA,Port MacDonnell,192,551,743,8,751
SA,Port Neill,64,181,245,2,247
SA,Port Noarlunga,713,907,1620,10,1630
SA,Port Pirie South,216,249,465,0,465
SA,Port Pirie West,790,1687,2477,32,2509
SA,Port Victoria,102,220,322,4,326
SA,Port Vincent,133,295,428,3,431
SA,Port Wakefield,90,361,451,7,458
SA,Prison Mobiles,2,1,3,0,3
SA,Prospect,1241,696,1937,14,1951
SA,Prospect Estate,448,394,842,11,853
SA,Prospect Hill,56,82,138,1,139
SA,Prospect North,952,854,1806,17,1823
SA,Prospect South,767,465,1232,8,1240
SA,Prospect West,1444,933,2377,21,2398
SA,Purnong,27,96,123,2,125
SA,Queenstown,764,953,1717,25,1742
SA,Quorn,222,516,738,8,746
SA,Ramco,165,276,441,5,446
SA,Redhill,44,153,197,1,198
SA,Redwood Park,1024,1316,2340,16,2356
SA,Rendelsham,42,124,166,0,166
SA,Renmark,1291,1878,3169,47,3216
SA,Renmark North,201,333,534,7,541
SA,Renmark West,209,306,515,9,524
SA,Renown Park,999,889,1888,28,1916
SA,Reynella,1105,1640,2745,10,2755
SA,Reynella East,1607,1858,3465,31,3496
SA,Reynella South,1173,1833,3006,32,3038
SA,Richmond,914,866,1780,26,1806
SA,Ridgehaven,1375,1978,3353,32,3385
SA,Risdon Park East,974,1837,2811,19,2830
SA,Risdon Park South,406,704,1110,8,1118
SA,Riverton,189,507,696,3,699
SA,Robe,276,554,830,7,837
SA,Robertstown,50,219,269,3,272
SA,Rose Park,279,178,457,0,457
SA,Rosewater,914,1203,2117,24,2141
SA,Roseworthy,141,330,471,4,475
SA,Rostrevor,1667,1417,3084,28,3112
SA,Roxby Downs,575,895,1470,12,1482
SA,Royal Park,939,1033,1972,23,1995
SA,Royal Park South,866,978,1844,24,1868
SA,Saddleworth,97,279,376,1,377
SA,Salisbury,713,1151,1864,19,1883
SA,Salisbury Central,618,1061,1679,18,1697
SA,Salisbury Downs,1069,1812,2881,57,2938
SA,Salisbury East,922,1709,2631,33,2664
SA,Salisbury East Central,834,1378,2212,22,2234
SA,Salisbury Heights,979,1644,2623,23,2646
SA,Salisbury Heights South,344,659,1003,12,1015
SA,Salisbury North,869,1704,2573,44,2617
SA,Salisbury North West,999,1867,2866,36,2902
SA,Salisbury Park,668,1239,1907,21,1928
SA,Salt Creek,26,24,50,0,50
SA,Sandy Creek,164,344,508,3,511
SA,Seacliff,1103,1002,2105,14,2119
SA,Seacombe Heights,1407,1392,2799,21,2820
SA,Seaford,1016,1384,2400,21,2421
SA,Seaford Rise,787,1253,2040,14,2054
SA,Seaton,1040,1157,2197,41,2238
SA,Seaton Park,1176,1269,2445,26,2471
SA,Seaton West,696,744,1440,14,1454
SA,Seaview Downs,756,748,1504,15,1519
SA,Second Valley,43,53,96,0,96
SA,Sedan,43,121,164,1,165
SA,Sellicks Beach,281,482,763,5,768
SA,Semaphore,1103,839,1942,16,1958
SA,Semaphore Park,631,752,1383,10,1393
SA,Semaphore Park South,497,742,1239,14,1253
SA,Semaphore South,631,672,1303,14,1317
SA,Sheidow Park,1117,1369,2486,23,2509
SA,Smithfield,366,815,1181,25,1206
SA,Smithfield Plains,344,979,1323,23,1346
SA,Smoky Bay,50,128,178,2,180
SA,Snowtown,99,302,401,2,403
SA,Solomontown,535,1198,1733,23,1756
SA,Somerton Park East,618,814,1432,13,1445
SA,South Plympton,519,613,1132,19,1151
SA,Southend,57,120,177,2,179
SA,Spalding,83,193,276,2,278
SA,Springton,118,221,339,2,341
SA,St Agnes,1254,1665,2919,22,2941
SA,St Agnes West,603,991,1594,8,1602
SA,St Marys,848,962,1810,12,1822
SA,St Morris,740,552,1292,16,1308
SA,St Peters,386,247,633,3,636
SA,St Peters East,1116,654,1770,16,1786
SA,Stansbury,105,375,480,1,481
SA,Stirling East,734,436,1170,6,1176
SA,Stirling North,244,678,922,10,932
SA,Stirling West,1255,771,2026,11,2037
SA,Stockwell,69,244,313,0,313
SA,Stonyfell,983,877,1860,13,1873
SA,Strathalbyn,826,1671,2497,21,2518
SA,Streaky Bay,229,602,831,13,844
SA,Sturt,382,436,818,2,820
SA,Summertown,463,343,806,4,810
SA,Surrey Downs,1039,1489,2528,13,2541
SA,Suttontown,179,491,670,3,673
SA,Swan Reach,87,132,219,2,221
SA,Tailem Bend,390,882,1272,14,1286
SA,Tantanoola,96,171,267,4,271
SA,Tanunda,963,1795,2758,21,2779
SA,Taperoo,1092,1583,2675,23,2698
SA,Taperoo East,519,890,1409,17,1426
SA,Tarlee,68,189,257,2,259
SA,Tarpeena,115,235,350,8,358
SA,Tea Tree Gully,710,802,1512,12,1524
SA,Terowie,22,75,97,3,100
SA,Tintinara,122,345,467,1,468
SA,Tonsley Park,607,779,1386,11,1397
SA,Toorak Gardens,1380,769,2149,14,2163
SA,Torrensville,1531,968,2499,42,2541
SA,Tranmere,950,736,1686,13,1699
SA,Trinity Gardens,1066,732,1798,20,1818
SA,Trott Park,578,631,1209,9,1218
SA,Truro,87,290,377,4,381
SA,Tumby Bay,278,820,1098,9,1107
SA,Tusmore,1151,832,1983,5,1988
SA,Two Wells,703,1494,2197,22,2219
SA,Ungarra,36,107,143,1,144
SA,Unley,2050,949,2999,15,3014
SA,Upper Sturt,302,223,525,2,527
SA,Uraidla,267,259,526,3,529
SA,Vale Park,959,852,1811,16,1827
SA,Valley View,638,774,1412,10,1422
SA,Victor Harbor,1279,2163,3442,43,3485
SA,Victor Harbor East,428,828,1256,13,1269
SA,Victor Harbor South,514,933,1447,8,1455
SA,Virginia,691,941,1632,30,1662
SA,Waikerie,692,1370,2062,20,2082
SA,Walker Flat,37,99,136,1,137
SA,Walkerville,1329,973,2302,13,2315
SA,Walkerville North,527,463,990,3,993
SA,Wallaroo,510,1306,1816,19,1835
SA,Wallaroo Mines,127,438,565,5,570
SA,Wanbi,13,53,66,0,66
SA,Wangary,89,184,273,3,276
SA,Warooka,118,317,435,3,438
SA,Warradale,1366,1738,3104,18,3122
SA,Warramboo,29,84,113,1,114
SA,Wasleys,86,209,295,3,298
SA,Watervale,116,167,283,1,284
SA,Wayville,402,170,572,10,582
SA,Wellington West,43,147,190,1,191
SA,West Beach,1415,1252,2667,22,2689
SA,West Brighton,806,674,1480,12,1492
SA,West Croydon,1143,821,1964,24,1988
SA,West Lakes Shore,2336,2197,4533,33,4566
SA,West Richmond,434,472,906,11,917
SA,Westbourne Park,1073,793,1866,13,1879
SA,Western Flat,27,68,95,2,97
SA,Whyalla Central East,454,535,989,4,993
SA,Whyalla Central West,753,1210,1963,21,1984
SA,Whyalla Norrie East,753,1152,1905,17,1922
SA,Whyalla Norrie North,568,1044,1612,17,1629
SA,Whyalla Norrie North-West,351,693,1044,10,1054
SA,Whyalla Norrie South,454,1067,1521,12,1533
SA,Whyalla Stuart South,577,1403,1980,20,2000
SA,Whyalla Stuart West,441,786,1227,10,1237
SA,Willalooka,56,102,158,1,159
SA,Willaston - Hewett,475,1028,1503,13,1516
SA,Williamstown,427,725,1152,8,1160
SA,Willsden,344,759,1103,12,1115
SA,Willunga,775,997,1772,10,1782
SA,Wilmington,92,301,393,3,396
SA,Windsor Gardens East,460,463,923,4,927
SA,Windsor Gardens West,577,691,1268,12,1280
SA,Winkie,75,107,182,0,182
SA,Wirrabara,97,277,374,2,376
SA,Wirrulla,35,81,116,0,116
SA,Wolseley,30,108,138,0,138
SA,Woodchester,90,190,280,1,281
SA,Woodcroft,1842,2455,4297,32,4329
SA,Woodforde,246,168,414,2,416
SA,Woods Point,34,107,141,1,142
SA,Woodside,458,815,1273,14,1287
SA,Woodville,863,747,1610,14,1624
SA,Woodville Gardens,1280,1459,2739,51,2790
SA,Woodville North,606,724,1330,21,1351
SA,Woodville South,887,924,1811,20,1831
SA,Woodville West,759,1095,1854,27,1881
SA,Woomera,104,152,256,4,260
SA,Wudinna,168,447,615,8,623
SA,Wynn Vale,2135,2532,4667,26,4693
SA,Yacka,21,82,103,0,103
SA,Yahl,98,219,317,3,320
SA,Yankalilla,479,880,1359,4,1363
SA,Yorketown,165,513,678,9,687
TAS,Acton,500,1456,1956,33,1989
TAS,Addison Street,270,644,914,14,928
TAS,Albuera,392,168,560,3,563
TAS,Alonnah,98,108,206,0,206
TAS,Ambleside,212,385,597,5,602
TAS,Austins Ferry,610,867,1477,9,1486
TAS,Bagdad,216,469,685,2,687
TAS,Barnes Bay,50,68,118,2,120
TAS,Battery Point,765,388,1153,12,1165
TAS,Beaconsfield,333,718,1051,5,1056
TAS,Beauty Point,223,481,704,10,714
TAS,Bellerive,1446,1459,2905,29,2934
TAS,Bicheno,203,384,587,3,590
TAS,Bishopsbourne,31,78,109,0,109
TAS,Blackmans Bay,1457,1291,2748,16,2764
TAS,Blessington Upper,8,72,80,1,81
TAS,Bligh,307,628,935,8,943
TAS,Blythe Heads,66,167,233,4,237
TAS,Boat Harbour,110,183,293,2,295
TAS,Bothwell,78,325,403,5,408
TAS,Bowen Road,691,827,1518,23,1541
TAS,Bracknell,133,275,408,5,413
TAS,Branxholm,60,173,233,0,233
TAS,Brent Street,367,500,867,6,873
TAS,Bridgewater,668,1683,2351,32,2383
TAS,Bridport,366,731,1097,12,1109
TAS,Brighton,515,912,1427,8,1435
TAS,Broadmarsh,83,101,184,2,186
TAS,Bronte,32,76,108,0,108
TAS,Brooklyn,200,390,590,3,593
TAS,Buckland,34,100,134,0,134
TAS,Burnie,535,843,1378,9,1387
TAS,Burnie South,118,252,370,4,374
TAS,Calder,23,65,88,0,88
TAS,Cambridge,437,466,903,4,907
TAS,Campania,148,288,436,6,442
TAS,Campbell Town,179,469,648,8,656
TAS,Cape Barren Island,8,21,29,1,30
TAS,Carrick,139,305,444,5,449
TAS,Cascades,380,216,596,4,600
TAS,Chigwell,626,1050,1676,18,1694
TAS,Chudleigh,65,185,250,7,257
TAS,Claremont,641,999,1640,14,1654
TAS,Clarendon Vale,212,535,747,7,754
TAS,Claude Road,49,118,167,1,168
TAS,Colebrook,51,181,232,2,234
TAS,Coles Bay,65,80,145,0,145
TAS,Collinsvale,160,173,333,5,338
TAS,Cooee,326,519,845,7,852
TAS,Copping,89,100,189,1,190
TAS,Cornelian Bay,295,251,546,1,547
TAS,Cosgrove,317,402,719,8,727
TAS,Cosgrove Park,104,232,336,4,340
TAS,Cradoc,103,147,250,2,252
TAS,Creek Road,693,586,1279,16,1295
TAS,Cressy,221,521,742,10,752
TAS,Cross Street,1011,790,1801,20,1821
TAS,Cuprona,43,93,136,2,138
TAS,Currie,245,592,837,8,845
TAS,Cygnet,671,895,1566,17,1583
TAS,Deloraine,602,1468,2070,25,2095
TAS,Derby,40,108,148,2,150
TAS,Devonport Central,665,1127,1792,20,1812
TAS,Devonport East,634,1626,2260,21,2281
TAS,Devonport North,286,495,781,3,784
TAS,Devonport South,543,1188,1731,24,1755
TAS,Dilston,296,374,670,4,674
TAS,Dodges Ferry,768,894,1662,9,1671
TAS,Don,232,406,638,5,643
TAS,Dover,190,356,546,7,553
TAS,Dromedary,94,185,279,2,281
TAS,Dunalley,140,249,389,5,394
TAS,Dynnyrne,813,303,1116,8,1124
TAS,Eaglehawk Neck,108,160,268,3,271
TAS,Edith Creek,37,104,141,1,142
TAS,Elizabeth Street,560,265,825,8,833
TAS,Elizabeth Town,110,246,356,4,360
TAS,Ellendale,36,137,173,1,174
TAS,Elliott,74,150,224,3,227
TAS,Elphin,208,326,534,4,538
TAS,Elwick,180,248,428,5,433
TAS,Emita,23,25,48,1,49
TAS,Epping,58,130,188,2,190
TAS,Evandale,353,681,1034,3,1037
TAS,Exeter,447,786,1233,10,1243
TAS,Fern Tree,277,138,415,4,419
TAS,Fingal,103,186,289,4,293
TAS,Forcett,134,196,330,2,332
TAS,Forest,95,283,378,3,381
TAS,Forth,258,487,745,7,752
TAS,Frankford,41,83,124,2,126
TAS,Franklin,209,307,516,7,523
TAS,Franklin Village,64,139,203,3,206
TAS,Gagebrook,476,1143,1619,23,1642
TAS,Gawler,112,253,365,1,366
TAS,Geeveston,220,488,708,7,715
TAS,Geilston Bay,839,774,1613,16,1629
TAS,General Hospital,191,252,443,3,446
TAS,George Town,631,1503,2134,30,2164
TAS,George Town South,269,591,860,13,873
TAS,Gladstone,30,98,128,1,129
TAS,Glen Huon,87,156,243,2,245
TAS,Glengarry,91,196,287,0,287
TAS,Glenora,90,183,273,7,280
TAS,Glenorchy,1130,1714,2844,41,2885
TAS,Glenorchy East,971,1286,2257,27,2284
TAS,Goodwood,357,620,977,10,987
TAS,Granton,132,195,327,3,330
TAS,Grassy,22,86,108,2,110
TAS,Gravelly Beach,231,382,613,1,614
TAS,Gretna,45,137,182,1,183
TAS,Grove,206,328,534,4,538
TAS,Gunns Plains,21,70,91,0,91
TAS,Hadspen,346,705,1051,6,1057
TAS,Hagley,87,235,322,1,323
TAS,Hamilton,35,115,150,3,153
TAS,Havenview,152,378,530,2,532
TAS,Highclere,27,105,132,0,132
TAS,Hill Street,278,135,413,1,414
TAS,Hillwood,133,279,412,2,414
TAS,Hobart,443,241,684,9,693
TAS,Hobart Central,136,61,197,1,198
TAS,Hobart North,422,232,654,5,659
TAS,Hobart South,1068,609,1677,8,1685
TAS,Hobart West,661,291,952,8,960
TAS,Howden,149,109,258,3,261
TAS,Howrah,1403,1384,2787,18,2805
TAS,Huonville,565,949,1514,25,1539
TAS,Inveresk,358,634,992,17,1009
TAS,Invermay,492,802,1294,16,1310
TAS,Irishtown,69,201,270,1,271
TAS,Judbury,68,160,228,1,229
TAS,Karoola,69,190,259,3,262
TAS,Kelso,48,92,140,2,142
TAS,Kempton,88,217,305,4,309
TAS,Kettering,236,224,460,3,463
TAS,Kings Meadows,581,1112,1693,29,1722
TAS,Kingston,1932,2005,3937,34,3971
TAS,Kingston Beach,1399,1184,2583,20,2603
TAS,Koonya,62,49,111,1,112
TAS,Lachlan,131,199,330,1,331
TAS,Lady Barron,52,98,150,1,151
TAS,Lansdowne Crescent,669,252,921,10,931
TAS,Latrobe,726,1676,2402,42,2444
TAS,Lauderdale,1269,1084,2353,26,2379
TAS,Launceston,362,285,647,4,651
TAS,Launceston Central,421,501,922,8,930
TAS,Launceston East,798,657,1455,10,1465
TAS,Launceston South,634,1110,1744,22,1766
TAS,Launceston West,837,950,1787,14,1801
TAS,Lebrina,68,167,235,2,237
TAS,Legana,831,1166,1997,13,2010
TAS,Lenah Valley,964,703,1667,8,1675
TAS,Levendale,27,84,111,0,111
TAS,Lileah,20,35,55,0,55
TAS,Lilydale,241,432,673,7,680
TAS,Lindisfarne,1239,1182,2421,14,2435
TAS,Loatta Road,899,716,1615,10,1625
TAS,Longford,636,1455,2091,15,2106
TAS,Lower Barrington,85,267,352,5,357
TAS,Lower Sandy Bay,1234,829,2063,12,2075
TAS,Lutana,434,718,1152,4,1156
TAS,Magra,135,318,453,4,457
TAS,Malonga Park,482,619,1101,7,1108
TAS,Margate,749,794,1543,19,1562
TAS,Marrawah,34,135,169,1,170
TAS,Mathinna,23,89,112,3,115
TAS,Mawbanna,13,47,60,0,60
TAS,Maydena,53,138,191,2,193
TAS,Meander,76,153,229,1,230
TAS,Melrose,42,101,143,0,143
TAS,Middleton,112,144,256,3,259
TAS,Midway Point,593,853,1446,11,1457
TAS,Mole Creek,74,306,380,4,384
TAS,Molesworth,119,150,269,2,271
TAS,Montagu,36,87,123,1,124
TAS,Montagu Bay,669,561,1230,6,1236
TAS,Montello,417,937,1354,16,1370
TAS,Montrose,202,299,501,2,503
TAS,Moonah,1100,1083,2183,22,2205
TAS,Moonah North,405,524,929,10,939
TAS,Moorleah,61,125,186,4,190
TAS,Moriarty,70,160,230,2,232
TAS,Mornington,194,294,488,3,491
TAS,Mount Nelson,679,387,1066,8,1074
TAS,Mount Stuart,426,299,725,1,726
TAS,Mowbray,432,1047,1479,20,1499
TAS,Myrtle Park,14,44,58,0,58
TAS,Nabowla,11,57,68,1,69
TAS,Natone,56,122,178,2,180
TAS,New Norfolk,846,1685,2531,26,2557
TAS,New Norfolk North,310,642,952,9,961
TAS,New Town,621,333,954,5,959
TAS,Newdegate,708,424,1132,5,1137
TAS,Newstead,665,1070,1735,12,1747
TAS,Nietta,21,41,62,0,62
TAS,Nixon Street,895,1555,2450,23,2473
TAS,North Motton,57,178,235,1,236
TAS,Norwood,1017,1457,2474,11,2485
TAS,Nubeena,190,298,488,5,493
TAS,Nunamara,83,156,239,3,242
TAS,Oatlands,211,396,607,6,613
TAS,Ockerby Gardens,436,590,1026,10,1036
TAS,Opossum Bay,75,104,179,1,180
TAS,Orford,167,289,456,0,456
TAS,Ouse,59,196,255,4,259
TAS,Parattah,48,102,150,2,152
TAS,Penguin,668,1454,2122,14,2136
TAS,Perth,500,1052,1552,5,1557
TAS,Pioneer,7,64,71,0,71
TAS,Pipers River,86,188,274,3,277
TAS,Pontville,164,289,453,3,456
TAS,Port Arthur,63,112,175,0,175
TAS,Port Huon,85,191,276,1,277
TAS,Port Sorell,648,1010,1658,22,1680
TAS,Preston,29,72,101,0,101
TAS,Primrose Sands,125,264,389,3,392
TAS,Prospect,598,1049,1647,14,1661
TAS,Prospect Vale,378,645,1023,8,1031
TAS,Pyengana,28,83,111,1,112
TAS,Queenborough,333,222,555,4,559
TAS,Queenstown,296,1029,1325,12,1337
TAS,Railton,188,587,775,8,783
TAS,Ranelagh,210,366,576,7,583
TAS,Ravenswood,570,1784,2354,30,2384
TAS,Redpa,18,48,66,0,66
TAS,Reekara,25,81,106,0,106
TAS,Riana,73,150,223,1,224
TAS,Richmond,449,498,947,9,956
TAS,Ridgley,165,488,653,5,658
TAS,Ringarooma,101,365,466,3,469
TAS,Risdon Vale,548,975,1523,17,1540
TAS,Riverside,1177,1514,2691,19,2710
TAS,Riverside West,523,536,1059,2,1061
TAS,Rocherlea,322,1000,1322,24,1346
TAS,Rocky Cape,142,282,424,4,428
TAS,Rokeby,579,1076,1655,17,1672
TAS,Rosebery,172,409,581,10,591
TAS,Roseneath,107,182,289,6,295
TAS,Rosetta,383,475,858,6,864
TAS,Ross,112,181,293,3,296
TAS,Rossarden,9,35,44,2,46
TAS,Saltwater River,40,70,110,2,112
TAS,Sandfly,381,378,759,13,772
TAS,Sandford,538,454,992,5,997
TAS,Sandy Bay,1092,601,1693,10,1703
TAS,Sandy Bay Beach,526,376,902,9,911
TAS,Sassafras,50,161,211,2,213
TAS,Savage River,14,33,47,0,47
TAS,Scamander,224,341,565,5,570
TAS,Scottsdale,571,1363,1934,25,1959
TAS,Seven Mile Beach,431,306,737,6,743
TAS,Sheffield,324,841,1165,12,1177
TAS,Sidmouth,174,340,514,4,518
TAS,Sisters Beach,94,121,215,3,218
TAS,Sisters Creek,58,142,200,3,203
TAS,Smithton,678,1869,2547,31,2578
TAS,Snug,386,488,874,10,884
TAS,Somerset,719,1593,2312,43,2355
TAS,Sorell,744,1187,1931,16,1947
TAS,South Arm,216,266,482,0,482
TAS,South Riana,45,152,197,2,199
TAS,Southport,67,81,148,0,148
TAS,Sprent,67,134,201,3,204
TAS,Spreyton,347,705,1052,11,1063
TAS,St Helens,548,1116,1664,18,1682
TAS,St Johns Park,169,139,308,2,310
TAS,St Leonards,349,811,1160,8,1168
TAS,St Marys,168,397,565,11,576
TAS,St Peters,274,111,385,3,388
TAS,Stanley,133,305,438,8,446
TAS,Stowport,62,171,233,4,237
TAS,Strahan,159,294,453,3,456
TAS,Strathblane,50,69,119,0,119
TAS,Sulphur Creek,143,286,429,4,433
TAS,Summerhill,1326,2163,3489,38,3527
TAS,Surges Bay,51,99,150,1,151
TAS,Swan,360,212,572,8,580
TAS,Swansea,235,411,646,3,649
TAS,Taroona,887,518,1405,5,1410
TAS,Tea Tree,64,104,168,1,169
TAS,Togari,30,44,74,1,75
TAS,Tolosa,689,899,1588,25,1613
TAS,Tranmere,954,849,1803,11,1814
TAS,Trevallyn,973,1004,1977,18,1995
TAS,Triabunna,213,482,695,3,698
TAS,Trowutta,27,37,64,0,64
TAS,Tullah,50,137,187,0,187
TAS,Tunbridge,27,72,99,1,100
TAS,Tunnack,40,183,223,4,227
TAS,Turners Beach,254,479,733,6,739
TAS,Ulverstone,403,765,1168,9,1177
TAS,Ulverstone East,343,690,1033,12,1045
TAS,Ulverstone South,704,1542,2246,35,2281
TAS,Ulverstone West,560,1434,1994,15,2009
TAS,Upper Burnie,505,1014,1519,18,1537
TAS,Valley Road,466,1178,1644,13,1657
TAS,Waimea Heights,450,264,714,1,715
TAS,Waratah,45,93,138,2,140
TAS,Warrane,580,779,1359,10,1369
TAS,Waverley,227,723,950,17,967
TAS,Wayatinah,11,31,42,1,43
TAS,Wentworth Street,606,535,1141,6,1147
TAS,Wesley Vale,93,216,309,4,313
TAS,West Kentish,51,119,170,1,171
TAS,West Wynyard,328,760,1088,9,1097
TAS,Westbury,338,957,1295,19,1314
TAS,Westerway,36,193,229,1,230
TAS,Weymouth,51,75,126,1,127
TAS,Whitemark,129,182,311,6,317
TAS,Whitemore,42,85,127,3,130
TAS,Wilmot,67,203,270,1,271
TAS,Windermere,403,647,1050,16,1066
TAS,Windmill Hill,274,259,533,1,534
TAS,Winnaleah,42,186,228,2,230
TAS,Wivenhoe,107,268,375,2,377
TAS,Woodbridge,174,151,325,2,327
TAS,Wynyard,676,1472,2148,17,2165
TAS,Wynyard East,156,404,560,8,568
TAS,Yolla,149,289,438,6,444
TAS,Young Town,559,900,1459,15,1474
TAS,Zeehan,139,387,526,4,530
VIC,Airport West,1233,1096,2329,40,2369
VIC,Albanvale,1714,1470,3184,37,3221
VIC,Albion North,1493,1062,2555,37,2592
VIC,Alfredton West,995,1209,2204,11,2215
VIC,Alphington North,980,486,1466,14,1480
VIC,Altona Bay,2391,1868,4259,71,4330
VIC,Altona East,2064,1587,3651,60,3711
VIC,Altona Gate,1168,975,2143,51,2194
VIC,Altona Meadows,1856,1892,3748,58,3806
VIC,Altona North,418,406,824,13,837
VIC,Altona West,989,938,1927,27,1954
VIC,Alvie,33,142,175,0,175
VIC,Amphitheatre,48,136,184,1,185
VIC,Anakie,142,289,431,6,437
VIC,Anglesea,795,698,1493,14,1507
VIC,Apollo Bay,517,682,1199,10,1209
VIC,Apsley,94,265,359,0,359
VIC,Ararat,1067,2095,3162,23,3185
VIC,Ararat West,627,983,1610,9,1619
VIC,Arawata,38,103,141,0,141
VIC,Ardeer,612,578,1190,20,1210
VIC,Ardeer East,544,418,962,14,976
VIC,Ardeer South,1588,865,2453,34,2487
VIC,Argyle,693,393,1086,14,1100
VIC,Armadale,1123,570,1693,12,1705
VIC,Arthurs Creek,148,175,323,2,325
VIC,Ascot,41,110,151,1,152
VIC,Ascot Vale,284,158,442,6,448
VIC,Ascot Vale Central,1339,746,2085,33,2118
VIC,Ascot Vale East,1350,689,2039,26,2065
VIC,Ascot Vale West,882,624,1506,22,1528
VIC,Ashburton,1540,921,2461,15,2476
VIC,Aspendale Gardens,1356,984,2340,16,2356
VIC,Aspendale North,558,484,1042,7,1049
VIC,Auburn North,1950,844,2794,13,2807
VIC,Auburn South,2155,973,3128,36,3164
VIC,Avenel,206,380,586,4,590
VIC,Avoca,247,634,881,3,884
VIC,Avondale Heights,1565,1051,2616,34,2650
VIC,Avondale Heights Central,2308,1270,3578,63,3641
VIC,Avondale Heights North,1161,716,1877,23,1900
VIC,Baddaginnie,65,149,214,1,215
VIC,Baden Powell,1055,929,1984,16,2000
VIC,Badger Creek,518,744,1262,14,1276
VIC,Bairnsdale,552,1182,1734,20,1754
VIC,Bairnsdale East,138,383,521,3,524
VIC,Bairnsdale West,1088,2185,3273,22,3295
VIC,Ballam Park,1037,1330,2367,18,2385
VIC,Ballan,653,967,1620,20,1640
VIC,Ballarat,731,755,1486,16,1502
VIC,Ballarat City,265,267,532,1,533
VIC,Ballarat North,1169,1589,2758,31,2789
VIC,Ballarat North West,766,563,1329,5,1334
VIC,Ballarat South,605,809,1414,16,1430
VIC,Ballarat South West,1093,1313,2406,15,2421
VIC,Ballendella,29,121,150,1,151
VIC,Balmoral,128,192,320,0,320
VIC,Balwyn,1386,1087,2473,31,2504
VIC,Balwyn Central,864,601,1465,8,1473
VIC,Balwyn North,1996,1119,3115,23,3138
VIC,Balwyn North Central,1065,569,1634,22,1656
VIC,Balwyn North East,2496,1529,4025,30,4055
VIC,Balwyn North West,874,574,1448,12,1460
VIC,Balwyn West,1161,696,1857,24,1881
VIC,Bamawm,54,140,194,0,194
VIC,Bamawm Extension,39,129,168,0,168
VIC,Bannockburn,543,766,1309,7,1316
VIC,Baranduda,233,274,507,3,510
VIC,Barmah,49,127,176,1,177
VIC,Barnawartha,219,436,655,3,658
VIC,Barongarook,51,63,114,1,115
VIC,Barwon,544,467,1011,15,1026
VIC,Barwon Heads,818,715,1533,11,1544
VIC,Bass,89,201,290,5,295
VIC,Batesford,62,71,133,2,135
VIC,Baxter,670,1104,1774,16,1790
VIC,Bayles,96,249,345,3,348
VIC,Bayswater South,623,730,1353,10,1363
VIC,Bayswater West,907,1073,1980,14,1994
VIC,Beaconsfield,551,754,1305,12,1317
VIC,Beaconsfield Upper,786,787,1573,12,1585
VIC,Bealiba,62,119,181,0,181
VIC,Beaufort,385,848,1233,14,1247
VIC,Beaumaris Central,1911,1369,3280,17,3297
VIC,Beaumaris East,2133,1504,3637,34,3671
VIC,Beaumaris North,649,461,1110,6,1116
VIC,Bedford Road,621,681,1302,13,1315
VIC,Beeac,90,293,383,1,384
VIC,Beechworth,836,1107,1943,13,1956
VIC,Belgrave,816,664,1480,18,1498
VIC,Belgrave South,1178,1023,2201,16,2217
VIC,Bell,1106,643,1749,31,1780
VIC,Bell Park,1955,1757,3712,71,3783
VIC,Bellbrae,310,200,510,3,513
VIC,Bellbridge,1975,2072,4047,45,4092
VIC,Belmont,849,1210,2059,15,2074
VIC,Belmont North,1187,1358,2545,25,2570
VIC,Belvedere Park,1577,2081,3658,43,3701
VIC,Bemm River,16,32,48,0,48
VIC,Bena,58,146,204,3,207
VIC,Benalla,1102,2023,3125,26,3151
VIC,Benalla District Hospital,14,21,35,0,35
VIC,Benalla West,905,1772,2677,21,2698
VIC,Benambra,26,116,142,1,143
VIC,Bendigo Base Hospital,117,147,264,0,264
VIC,Bendigo Central,1133,1294,2427,25,2452
VIC,Bendigo East,204,398,602,7,609
VIC,Bendigo North,292,550,842,3,845
VIC,Bendoc,19,71,90,0,90
VIC,Bennettswood,1754,1357,3111,24,3135
VIC,Bentleigh,1534,1139,2673,22,2695
VIC,Bentleigh Central,600,609,1209,15,1224
VIC,Bentleigh East,1155,1068,2223,31,2254
VIC,Bentleigh West,1082,770,1852,19,1871
VIC,Berriwillock,36,116,152,1,153
VIC,Berrys Creek,23,71,94,1,95
VIC,Berwick,2298,2514,4812,33,4845
VIC,Berwick Lodge,796,912,1708,12,1720
VIC,Berwick South,1164,1413,2577,28,2605
VIC,Bethanga,169,300,469,5,474
VIC,Beulah,90,225,315,0,315
VIC,Beverford,105,220,325,2,327
VIC,Beveridge,108,141,249,6,255
VIC,Big Hill,200,334,534,3,537
VIC,Bimbadeen Heights,649,693,1342,8,1350
VIC,Birchip,153,526,679,2,681
VIC,Birmingham,1889,2486,4375,67,4442
VIC,Birregurra,211,351,562,10,572
VIC,Bittern,523,677,1200,12,1212
VIC,Black Hill,1226,1312,2538,15,2553
VIC,Black Rock,1079,784,1863,7,1870
VIC,Black Rock South,859,696,1555,7,1562
VIC,Blackburn,844,579,1423,9,1432
VIC,Blackburn Lake,1353,889,2242,15,2257
VIC,Blackburn North,845,731,1576,15,1591
VIC,Blackburn South,1876,1544,3420,32,3452
VIC,Blackburn West,2540,1940,4480,45,4525
VIC,Blackwood,128,144,272,4,276
VIC,Blackwood Park,707,744,1451,16,1467
VIC,Blairgowrie,671,865,1536,11,1547
VIC,Blossom Park,1395,876,2271,27,2298
VIC,Boisdale,80,127,207,3,210
VIC,Boldrewood,855,855,1710,20,1730
VIC,Bolinda,76,141,217,1,218
VIC,Bolwarra,149,202,351,0,351
VIC,Bonang,16,49,65,0,65
VIC,Bonbeach,469,581,1050,6,1056
VIC,Bonegilla,127,244,371,3,374
VIC,Boneo,237,284,521,11,532
VIC,Bonnie Doon,110,222,332,3,335
VIC,Boolarra,266,405,671,3,674
VIC,Boorhaman,39,94,133,0,133
VIC,Boort,176,569,745,8,753
VIC,Boosey,24,95,119,0,119
VIC,Boronia,1087,1271,2358,25,2383
VIC,Boronia Central,438,538,976,9,985
VIC,Boronia East,923,1021,1944,19,1963
VIC,Boronia North,1142,1406,2548,31,2579
VIC,Boroondara,1316,742,2058,22,2080
VIC,Botany Park,1030,1370,2400,21,2421
VIC,Boundary Bend,26,90,116,0,116
VIC,Bowenvale,62,190,252,2,254
VIC,Bowerbird,482,577,1059,8,1067
VIC,Box Hill,1189,818,2007,19,2026
VIC,Box Hill Central,1077,559,1636,12,1648
VIC,Box Hill North,763,580,1343,11,1354
VIC,Box Hill South,1009,674,1683,15,1698
VIC,Brandon Park,1715,1452,3167,30,3197
VIC,Branxholme,67,182,249,0,249
VIC,Braybrook,1554,1370,2924,44,2968
VIC,Breakwater,255,383,638,5,643
VIC,Brentwood,1772,1415,3187,19,3206
VIC,Briagolong,205,273,478,5,483
VIC,Briar Hill,1395,1129,2524,17,2541
VIC,Bridgewater,94,319,413,3,416
VIC,Bridport,2067,824,2891,21,2912
VIC,Bright,638,850,1488,18,1506
VIC,Brighton,2151,1408,3559,23,3582
VIC,Brighton Beach,1145,832,1977,13,1990
VIC,Brighton East,1243,894,2137,12,2149
VIC,Brighton High,625,369,994,6,1000
VIC,Brim,23,163,186,0,186
VIC,Brimpaen,11,52,63,0,63
VIC,Britannia,624,657,1281,10,1291
VIC,Broadford,723,1348,2071,16,2087
VIC,Broadmeadows,1146,801,1947,28,1975
VIC,Broadmeadows North,1868,1901,3769,70,3839
VIC,Brooklyn,431,430,861,12,873
VIC,Brown Hill,738,1057,1795,15,1810
VIC,Bruce Park,743,949,1692,13,1705
VIC,Brunswick East,1136,458,1594,20,1614
VIC,Brunswick North,2572,1296,3868,75,3943
VIC,Brunswick North East,1354,529,1883,28,1911
VIC,Brunswick North West,804,500,1304,17,1321
VIC,Brunswick South,709,324,1033,18,1051
VIC,Brunswick South East,611,200,811,8,819
VIC,Brunswick South West,1582,794,2376,22,2398
VIC,Bruthen,227,492,719,10,729
VIC,Buangor,54,90,144,1,145
VIC,Buchan,70,173,243,1,244
VIC,Buckley Park,1479,1071,2550,28,2578
VIC,Bulla,158,190,348,7,355
VIC,Bulleen,2186,1149,3335,41,3376
VIC,Bulleen West,563,332,895,9,904
VIC,Bullengarook,178,161,339,1,340
VIC,Bullioh,25,83,108,0,108
VIC,Buln Buln,152,233,385,0,385
VIC,Bunbartha,40,123,163,0,163
VIC,Bundalaguah,63,171,234,1,235
VIC,Bundalong,84,174,258,1,259
VIC,Bundoora,1015,926,1941,18,1959
VIC,Bungaree,140,226,366,1,367
VIC,Buninyong,1177,1176,2353,18,2371
VIC,Bunyip,425,867,1292,12,1304
VIC,Burbank,760,453,1213,18,1231
VIC,Burrumbeet,65,117,182,0,182
VIC,Burwood,608,397,1005,8,1013
VIC,Burwood Central,1118,812,1930,12,1942
VIC,Burwood Heights,2010,1553,3563,28,3591
VIC,Burwood West,809,459,1268,12,1280
VIC,Buxton,74,151,225,2,227
VIC,Byaduk,47,127,174,0,174
VIC,Byrneside,55,165,220,1,221
VIC,Cabarita,161,325,486,7,493
VIC,California Gully,346,726,1072,7,1079
VIC,Calivil,47,119,166,2,168
VIC,Camberwell,839,420,1259,5,1264
VIC,Camberwell East,577,272,849,4,853
VIC,Camberwell Middle,793,456,1249,2,1251
VIC,Camberwell North,1289,702,1991,10,2001
VIC,Camberwell South,1542,824,2366,13,2379
VIC,Cambridge,1462,1322,2784,30,2814
VIC,Camden,1364,858,2222,20,2242
VIC,Camelot,939,651,1590,13,1603
VIC,Campbellfield,1363,778,2141,37,2178
VIC,Campbells Creek,342,611,953,5,958
VIC,Camperdown,873,1827,2700,20,2720
VIC,Canadian,825,1175,2000,18,2018
VIC,Caniambo,16,62,78,0,78
VIC,Cann River,92,142,234,0,234
VIC,Canterbury North,1087,535,1622,17,1639
VIC,Canterbury South,1911,886,2797,26,2823
VIC,Cape Clear,97,141,238,3,241
VIC,Cape Paterson,199,185,384,4,388
VIC,Caramut,94,133,227,0,227
VIC,Carboor,7,17,24,0,24
VIC,Cardinia,96,169,265,3,268
VIC,Cardross,172,298,470,1,471
VIC,Carisbrook,244,551,795,7,802
VIC,Carlisle River,69,31,100,0,100
VIC,Carlton,1524,663,2187,26,2213
VIC,Carlton Central,1764,424,2188,21,2209
VIC,Carlton North,1678,439,2117,23,2140
VIC,Carlton South,420,139,559,7,566
VIC,Carnegie,688,534,1222,11,1233
VIC,Carnegie East,1293,1043,2336,26,2362
VIC,Carnegie North,1001,659,1660,11,1671
VIC,Carnegie Upper,583,339,922,18,940
VIC,Carnegie West,416,211,627,16,643
VIC,Carpendeit,44,116,160,2,162
VIC,Carrajung South,36,74,110,0,110
VIC,Carrum,855,1005,1860,21,1881
VIC,Carrum Downs,429,718,1147,12,1159
VIC,Casterton,466,1233,1699,7,1706
VIC,Castlemaine,1306,1716,3022,21,3043
VIC,Castlemaine North,587,660,1247,6,1253
VIC,Catani,34,102,136,1,137
VIC,Caulfield,467,291,758,3,761
VIC,Caulfield East,1039,680,1719,19,1738
VIC,Caulfield North,1948,1236,3184,47,3231
VIC,Caulfield South,1141,716,1857,17,1874
VIC,Caulfield Upper,1732,892,2624,40,2664
VIC,Caulfield West,788,441,1229,16,1245
VIC,Cavendish,111,251,362,2,364
VIC,Central Deborah,207,160,367,4,371
VIC,Ceres,260,330,590,2,592
VIC,Chadstone,1141,834,1975,27,2002
VIC,Chadstone East,1376,998,2374,22,2396
VIC,Charlesworth Park,2047,1328,3375,26,3401
VIC,Charlton,237,672,909,6,915
VIC,Chatham,1243,612,1855,8,1863
VIC,Chelsea,727,834,1561,20,1581
VIC,Chelsea Central,1288,1601,2889,36,2925
VIC,Chelsea Heights,1793,1980,3773,28,3801
VIC,Cheltenham,1234,949,2183,12,2195
VIC,Cheltenham East,1426,1517,2943,23,2966
VIC,Cheltenham North,1528,1326,2854,27,2881
VIC,Cheltenham South,524,575,1099,13,1112
VIC,Cheltenham West,447,344,791,5,796
VIC,Cheong Park,307,315,622,9,631
VIC,Cheshunt,70,80,150,1,151
VIC,Chewton,197,218,415,3,418
VIC,Chiltern,331,591,922,7,929
VIC,Chilwell,1491,1125,2616,23,2639
VIC,Chirnside Park,973,1144,2117,18,2135
VIC,Christmas Hills,35,13,48,0,48
VIC,Churchill,1284,1767,3051,26,3077
VIC,Clareville,1237,1045,2282,33,2315
VIC,Clarinda,1503,1204,2707,43,2750
VIC,Clarinda South,1690,1125,2815,22,2837
VIC,Clarkefield,68,100,168,1,169
VIC,Clarkes Hill,68,102,170,0,170
VIC,Clayton,1007,775,1782,30,1812
VIC,Clayton East,832,657,1489,24,1513
VIC,Clayton North,1185,750,1935,33,1968
VIC,Clayton South,2202,1418,3620,49,3669
VIC,Clayton West,404,272,676,7,683
VIC,Cleeland,1292,1302,2594,42,2636
VIC,Clematis,149,152,301,0,301
VIC,Clifton Hill,1381,396,1777,14,1791
VIC,Clifton Springs,1185,1657,2842,19,2861
VIC,Clonbinane,104,144,248,3,251
VIC,Cloverlea,37,91,128,0,128
VIC,Clunes,362,678,1040,7,1047
VIC,Clyde,199,361,560,7,567
VIC,Coatesville,1963,1692,3655,34,3689
VIC,Cobains,59,139,198,0,198
VIC,Cobden,367,1142,1509,13,1522
VIC,Cobram,1016,2159,3175,33,3208
VIC,Coburg,1407,856,2263,41,2304
VIC,Coburg East,1319,771,2090,36,2126
VIC,Coburg North,1623,1027,2650,36,2686
VIC,Coburg South,511,289,800,14,814
VIC,Coburg West,2505,1375,3880,56,3936
VIC,Coburn,1430,2004,3434,46,3480
VIC,Cockatoo,874,1041,1915,9,1924
VIC,Cohuna,519,1508,2027,13,2040
VIC,Colac,545,1359,1904,21,1925
VIC,Colac East,712,1547,2259,24,2283
VIC,Colac West,575,1455,2030,13,2043
VIC,Colbinabbin,55,191,246,1,247
VIC,Coldstream,537,902,1439,7,1446
VIC,Coleraine,347,756,1103,9,1112
VIC,Collendina,1450,1531,2981,24,3005
VIC,Collingwood,1626,742,2368,20,2388
VIC,Collingwood North,1319,415,1734,18,1752
VIC,Comet Hill,499,1002,1501,12,1513
VIC,Concongella,67,176,243,1,244
VIC,Condah,51,160,211,2,213
VIC,Congupna,126,325,451,0,451
VIC,Connewarre,107,67,174,0,174
VIC,Coolaroo,822,1058,1880,22,1902
VIC,Cooma,29,130,159,1,160
VIC,Coomoora,2433,2009,4442,64,4506
VIC,Coongulla,59,65,124,1,125
VIC,Cora Lynn,63,93,156,1,157
VIC,Coral Park,1657,1331,2988,23,3011
VIC,Corinella,264,482,746,13,759
VIC,Corio,1233,1998,3231,41,3272
VIC,Corio Central,804,1330,2134,19,2153
VIC,Corio West,1197,1994,3191,44,3235
VIC,Cororooke,147,283,430,2,432
VIC,Corryong,311,796,1107,13,1120
VIC,Cotham,1435,825,2260,21,2281
VIC,Courtney Gardens,1122,1805,2927,37,2964
VIC,Cowes,1069,1542,2611,26,2637
VIC,Cowwarr,79,169,248,4,252
VIC,Craigieburn,2161,2674,4835,47,4882
VIC,Craigieburn South,1011,1209,2220,22,2242
VIC,Cranbourne,1229,2066,3295,37,3332
VIC,Cranbourne North,1200,2099,3299,55,3354
VIC,Cranbourne South,444,534,978,5,983
VIC,Cranbourne West,862,1470,2332,20,2352
VIC,Cressy,36,104,140,0,140
VIC,Creswick,776,1052,1828,9,1837
VIC,Creswick North,104,190,294,1,295
VIC,Crib Point,413,728,1141,9,1150
VIC,Croxton,657,290,947,59,1006
VIC,Croydon,534,620,1154,12,1166
VIC,Croydon Central,1149,1141,2290,10,2300
VIC,Croydon East,1341,1590,2931,31,2962
VIC,Croydon Hills,2035,2049,4084,35,4119
VIC,Croydon North,1201,1388,2589,29,2618
VIC,Croydon South,1102,1359,2461,25,2486
VIC,Croydon Town,484,633,1117,9,1126
VIC,Croydon West,823,845,1668,10,1678
VIC,Cudgewa,52,161,213,0,213
VIC,Culgoa,33,92,125,0,125
VIC,Cullulleraine,24,62,86,2,88
VIC,Dadswells Bridge,24,68,92,0,92
VIC,Dalyston,105,228,333,2,335
VIC,Dandenong,1011,1160,2171,31,2202
VIC,Dandenong North,1394,1710,3104,59,3163
VIC,Dandenong South,1081,929,2010,42,2052
VIC,Dandenong West,988,1192,2180,31,2211
VIC,Dargo,26,87,113,0,113
VIC,Darley,1317,1634,2951,33,2984
VIC,Darling,1243,622,1865,12,1877
VIC,Darnum,96,254,350,0,350
VIC,Darraweit Guim,76,87,163,1,164
VIC,Dartmoor,105,276,381,2,383
VIC,Daylesford,1008,1167,2175,20,2195
VIC,Deans Marsh,140,119,259,2,261
VIC,Dederang,59,174,233,0,233
VIC,Deepdene,541,324,865,2,867
VIC,Deer Park,359,290,649,5,654
VIC,Deer Park Central,1298,1206,2504,29,2533
VIC,Deer Park West,2170,2075,4245,45,4290
VIC,Delacombe,672,1035,1707,21,1728
VIC,Delahey,2014,1711,3725,43,3768
VIC,Delbridge,801,263,1064,5,1069
VIC,Dendy,1506,1143,2649,15,2664
VIC,Denison,60,150,210,0,210
VIC,Dereel,99,170,269,1,270
VIC,Dergholm,29,84,113,2,115
VIC,Derinya,1100,949,2049,20,2069
VIC,Derrimut Heath,1102,935,2037,28,2065
VIC,Derrinallum,140,327,467,1,468
VIC,Devenish,30,134,164,1,165
VIC,Devon Meadows,582,941,1523,11,1534
VIC,Devon North,87,150,237,1,238
VIC,Dhurringile,44,121,165,1,166
VIC,Diamond Creek,1547,1195,2742,23,2765
VIC,Diamond Creek East,1379,1154,2533,17,2550
VIC,Diggers Rest,456,587,1043,14,1057
VIC,Dimboola,307,850,1157,10,1167
VIC,Dingee,54,177,231,1,232
VIC,Dingley Village,2024,2248,4272,40,4312
VIC,Dingwall,24,94,118,0,118
VIC,Dixons Creek,92,128,220,0,220
VIC,Don Valley,77,157,234,0,234
VIC,Donald,275,908,1183,3,1186
VIC,Donburn,295,247,542,5,547
VIC,Doncaster,2082,1374,3456,27,3483
VIC,Doncaster Central,1761,1088,2849,31,2880
VIC,Doncaster East,3478,2096,5574,56,5630
VIC,Doncaster Gardens,1157,715,1872,15,1887
VIC,Doncaster Heights,198,169,367,2,369
VIC,Doncaster Park,521,253,774,5,779
VIC,Doncaster South,834,551,1385,12,1397
VIC,Doncaster West,1267,767,2034,23,2057
VIC,Donvale,2034,1553,3587,25,3612
VIC,Dooen,26,123,149,0,149
VIC,Dookie,93,201,294,1,295
VIC,Doreen,140,194,334,3,337
VIC,Douglas,11,56,67,0,67
VIC,Doveton,886,1365,2251,31,2282
VIC,Doveton North,684,930,1614,20,1634
VIC,Doveton West,550,753,1303,23,1326
VIC,Dromana,1282,1646,2928,18,2946
VIC,Dromana Beach,225,340,565,5,570
VIC,Drouin,1140,2551,3691,24,3715
VIC,Drouin South,145,354,499,0,499
VIC,Drouin West,77,181,258,2,260
VIC,Drummond,92,97,189,3,192
VIC,Drysdale,1010,1567,2577,18,2595
VIC,Dudley,64,121,185,1,186
VIC,Dumbalk,91,267,358,1,359
VIC,Dunkeld,150,368,518,3,521
VIC,Dunolly,226,596,822,7,829
VIC,Eagle Point,182,294,476,1,477
VIC,Eaglehawk,969,1721,2690,18,2708
VIC,Eaglehawk North,142,228,370,1,371
VIC,Eaglemont,886,473,1359,3,1362
VIC,East Melbourne,1140,547,1687,7,1694
VIC,Eastmont,875,671,1546,8,1554
VIC,Eastwood,1197,987,2184,25,2209
VIC,Echuca,960,1723,2683,18,2701
VIC,Echuca Central,227,445,672,5,677
VIC,Echuca East,578,1293,1871,16,1887
VIC,Echuca South,502,1130,1632,14,1646
VIC,Echuca Village,62,168,230,1,231
VIC,Echuca West,108,302,410,7,417
VIC,Ecklin South,56,173,229,3,232
VIC,Eden Park,218,300,518,5,523
VIC,Edenhope,188,645,833,3,836
VIC,Edi Upper,17,48,65,0,65
VIC,Edithvale,1753,1758,3511,31,3542
VIC,Edward,2100,869,2969,52,3021
VIC,Eildon,236,380,616,3,619
VIC,Elaine,89,192,281,4,285
VIC,Eldorado,80,152,232,1,233
VIC,Eley Park,1278,937,2215,20,2235
VIC,Elgar Park,1109,771,1880,23,1903
VIC,Ellaswood,52,131,183,2,185
VIC,Elliminyt,420,922,1342,14,1356
VIC,Ellinbank,73,154,227,2,229
VIC,Elmhurst,39,104,143,1,144
VIC,Elmore,139,428,567,1,568
VIC,Elphinstone,122,195,317,3,320
VIC,Elsternwick,1842,1177,3019,39,3058
VIC,Elsternwick North,663,342,1005,6,1011
VIC,Elsternwick South,659,359,1018,10,1028
VIC,Eltham,2414,1466,3880,30,3910
VIC,Eltham East,2018,1176,3194,22,3216
VIC,Eltham North,1352,722,2074,26,2100
VIC,Eltham Woods,595,315,910,4,914
VIC,Elwood,2083,733,2816,35,2851
VIC,Elwood North,1922,790,2712,26,2738
VIC,Emerald,1859,1571,3430,29,3459
VIC,Emerald Hill,1203,645,1848,22,1870
VIC,Endeavour Hills,1731,1532,3263,49,3312
VIC,Endeavour Hills East,2738,2180,4918,66,4984
VIC,Endeavour Hills North,956,871,1827,20,1847
VIC,Ensay,47,105,152,1,153
VIC,Eppalock,65,118,183,1,184
VIC,Epping,1365,1415,2780,32,2812
VIC,Epping East,1401,1473,2874,35,2909
VIC,Epping South,1506,1209,2715,41,2756
VIC,Epsom,435,797,1232,7,1239
VIC,Erica,76,154,230,3,233
VIC,Eskdale,71,182,253,2,255
VIC,Essendon,638,434,1072,6,1078
VIC,Essendon North,653,518,1171,14,1185
VIC,Essendon South,1812,1162,2974,26,3000
VIC,Essendon West,1273,854,2127,18,2145
VIC,Essex Heights,1923,1352,3275,26,3301
VIC,Euroa,729,1676,2405,12,2417
VIC,Everton,60,94,154,0,154
VIC,Exford,67,88,155,1,156
VIC,Faircote,336,249,585,11,596
VIC,Fairfield,1725,652,2377,43,2420
VIC,Fairfield North,566,138,704,5,709
VIC,Fairhills,1040,1156,2196,26,2222
VIC,Fairy Hills,862,426,1288,4,1292
VIC,Falls Creek,30,12,42,0,42
VIC,Fawkner East,1061,913,1974,31,2005
VIC,Fawkner North,1775,1093,2868,41,2909
VIC,Fawkner Park,2503,1138,3641,16,3657
VIC,Fernbank,10,63,73,0,73
VIC,Ferndale,274,148,422,4,426
VIC,Ferntree Gully,725,698,1423,10,1433
VIC,Ferntree Gully North,1152,1285,2437,21,2458
VIC,Ferntree Gully Upper,918,802,1720,23,1743
VIC,Ferntree Gully West,1295,1586,2881,21,2902
VIC,Ferny Creek,470,329,799,3,802
VIC,Findon,1708,1479,3187,41,3228
VIC,Fish Creek,233,377,610,7,617
VIC,Fitzroy,1270,465,1735,17,1752
VIC,Fitzroy Central,287,91,378,3,381
VIC,Fitzroy East,1717,489,2206,26,2232
VIC,Fitzroy North,2336,585,2921,33,2954
VIC,Flamingo,1153,900,2053,11,2064
VIC,Flemington,1782,950,2732,35,2767
VIC,Flinders,264,264,528,4,532
VIC,Flora Hill,917,1409,2326,19,2345
VIC,Flowerdale,148,219,367,4,371
VIC,Footscray,1922,1034,2956,47,3003
VIC,Footscray Central,735,396,1131,15,1146
VIC,Footscray East,427,241,668,10,678
VIC,Footscray North,677,436,1113,16,1129
VIC,Footscray South,812,420,1232,19,1251
VIC,Footscray West,2134,1485,3619,55,3674
VIC,Forest Hill,749,579,1328,12,1340
VIC,Forrest,133,166,299,5,304
VIC,Foster,593,719,1312,10,1322
VIC,Fountain Gate,1449,1863,3312,40,3352
VIC,Frankston,989,1074,2063,20,2083
VIC,Frankston Beach,851,1007,1858,13,1871
VIC,Frankston East,1047,1299,2346,23,2369
VIC,Frankston Forest,756,1310,2066,23,2089
VIC,Frankston Heights,645,821,1466,9,1475
VIC,Frankston Rail,630,788,1418,16,1434
VIC,Frankston South,1512,1609,3121,37,3158
VIC,Freshwater Creek,74,96,170,0,170
VIC,Fyans Park,547,516,1063,3,1066
VIC,Gaffney,556,464,1020,11,1031
VIC,Galvin Park,1444,1890,3334,49,3383
VIC,Gapsted,70,97,167,2,169
VIC,Gardenvale,1588,1086,2674,22,2696
VIC,Gardiner,1144,676,1820,15,1835
VIC,Garfield,240,446,686,10,696
VIC,Geelong East,1382,1232,2614,30,2644
VIC,Geelong West,1635,1432,3067,42,3109
VIC,Gellibrand River,105,146,251,1,252
VIC,Gembrook,438,492,930,10,940
VIC,Genoa,30,61,91,0,91
VIC,Gerang Gerung,18,79,97,0,97
VIC,Girgarre,100,337,437,6,443
VIC,Gisborne,1622,1696,3318,20,3338
VIC,Gladeswood,1658,1154,2812,33,2845
VIC,Gladstone Park,2297,1932,4229,61,4290
VIC,Gladstone Views,1498,1388,2886,26,2912
VIC,Gladysdale,126,214,340,1,341
VIC,Glen Alvie,24,41,65,0,65
VIC,Glen Iris,1916,926,2842,18,2860
VIC,Glen Iris South,901,596,1497,5,1502
VIC,Glen Katherine,1865,1133,2998,20,3018
VIC,Glen Park,254,404,658,9,667
VIC,Glen Waverley Heights,862,684,1546,13,1559
VIC,Glen Waverley South,766,592,1358,11,1369
VIC,Glenbervie,437,349,786,5,791
VIC,Glenburn,82,161,243,3,246
VIC,Glendal,1569,1110,2679,26,2705
VIC,Gleneagles,1945,1792,3737,37,3774
VIC,Glenferrie,2019,922,2941,22,2963
VIC,Glenferrie Central,937,509,1446,17,1463
VIC,Glenferrie South,887,487,1374,12,1386
VIC,Glengala,2002,1331,3333,53,3386
VIC,Glengala South,892,883,1775,22,1797
VIC,Glengarry,199,521,720,11,731
VIC,Glenhuntly,1824,1237,3061,26,3087
VIC,Glenhuntly East,1295,967,2262,24,2286
VIC,Glenlyon,162,151,313,6,319
VIC,Glenmaggie,38,68,106,1,107
VIC,Glenorchy,47,112,159,1,160
VIC,Glenorden,1160,1320,2480,23,2503
VIC,Glenrowan,232,399,631,3,634
VIC,Glenroy,878,753,1631,17,1648
VIC,Glenroy Central,962,761,1723,25,1748
VIC,Glenroy East,1174,857,2031,30,2061
VIC,Glenroy North,865,1006,1871,29,1900
VIC,Glenroy West,1583,1443,3026,35,3061
VIC,Glenthompson,67,156,223,2,225
VIC,Golden Beach,137,63,200,4,204
VIC,Golden Square,1362,1969,3331,26,3357
VIC,Golden Square South,425,734,1159,7,1166
VIC,Golf Links,723,514,1237,7,1244
VIC,Goorambat,56,147,203,1,204
VIC,Goornong,120,202,322,2,324
VIC,Gordon,228,302,530,0,530
VIC,Gormandale,106,252,358,0,358
VIC,Goroke,57,299,356,5,361
VIC,Gowrie Park,867,599,1466,20,1486
VIC,Gowrie Street,811,1690,2501,13,2514
VIC,Grace Park,832,753,1585,14,1599
VIC,Graham,526,233,759,5,764
VIC,Grahamvale,72,116,188,1,189
VIC,Grantville,209,397,606,11,617
VIC,Granya,22,41,63,0,63
VIC,Great Western,103,214,317,3,320
VIC,Greenhills,1535,1033,2568,17,2585
VIC,Greensborough,634,564,1198,12,1210
VIC,Greensborough Central,526,541,1067,12,1079
VIC,Greensborough East,396,227,623,7,630
VIC,Greenvale,2696,1750,4446,54,4500
VIC,Greta Valley,48,121,169,0,169
VIC,Grimshaw,1089,1006,2095,9,2104
VIC,Grovedale,1691,2002,3693,28,3721
VIC,Grovedale East,441,611,1052,8,1060
VIC,Gruyere,152,190,342,3,345
VIC,Guildford,75,172,247,2,249
VIC,Gumnut Gully,558,270,828,7,835
VIC,Gunbower,103,287,390,2,392
VIC,Guthrie Street,556,914,1470,14,1484
VIC,Haddon,397,656,1053,11,1064
VIC,Hadfield,703,582,1285,10,1295
VIC,Haig,922,1068,1990,29,2019
VIC,Hallam,1721,1803,3524,46,3570
VIC,Hallam Valley,1037,1261,2298,28,2326
VIC,Hallora,27,62,89,0,89
VIC,Halls Gap,110,149,259,1,260
VIC,Hamilton,1092,1898,2990,18,3008
VIC,Hamilton Central,460,924,1384,8,1392
VIC,Hamilton East,105,203,308,0,308
VIC,Hamilton North,80,206,286,3,289
VIC,Hamlyn Heights,1615,1924,3539,41,3580
VIC,Hampton,1591,967,2558,11,2569
VIC,Hampton Central,976,630,1606,9,1615
VIC,Hampton Park,1348,1693,3041,40,3081
VIC,Hampton Park East,1848,2448,4296,47,4343
VIC,Harcourt,355,453,808,6,814
VIC,Harkaway,290,270,560,7,567
VIC,Harrietville,74,94,168,3,171
VIC,Harrisfield,1385,1441,2826,48,2874
VIC,Harrow,55,138,193,1,194
VIC,Hartwell,1199,673,1872,19,1891
VIC,Hartwell West,252,166,418,2,420
VIC,Hastings,1148,1722,2870,24,2894
VIC,Haven,131,424,555,4,559
VIC,Hawkesdale,140,232,372,0,372
VIC,Hawksburn,1923,1075,2998,35,3033
VIC,Hawksburn Central,638,458,1096,9,1105
VIC,Hawthorn,1769,864,2633,31,2664
VIC,Hazelwood North,249,377,626,2,628
VIC,Healesville,1543,1898,3441,29,3470
VIC,Heany Park,1748,1368,3116,23,3139
VIC,Heathcote,679,1264,1943,15,1958
VIC,Heatherdale,840,699,1539,9,1548
VIC,Heatherhill,1119,997,2116,34,2150
VIC,Heatherton North,705,580,1285,13,1298
VIC,Heathmont,619,590,1209,15,1224
VIC,Heathmont East,643,599,1242,10,1252
VIC,Heathmont High,861,740,1601,10,1611
VIC,Heidelberg,1994,1287,3281,41,3322
VIC,Heidelberg North,1320,1331,2651,45,2696
VIC,Heidelberg West,780,830,1610,12,1622
VIC,Hepburn Springs,293,282,575,7,582
VIC,Herne Hill,475,559,1034,4,1038
VIC,Heyfield,400,868,1268,18,1286
VIC,Heywood,368,856,1224,15,1239
VIC,Highett,1134,1089,2223,25,2248
VIC,Highett West,980,648,1628,15,1643
VIC,Highfield Park,1110,656,1766,13,1779
VIC,Highton,1383,1302,2685,15,2700
VIC,Highton North,1459,1364,2823,17,2840
VIC,Highton South,1144,1252,2396,14,2410
VIC,Highvale,1253,995,2248,19,2267
VIC,Hill End,23,84,107,0,107
VIC,Hoddles Creek,142,186,328,3,331
VIC,Holloway,556,416,972,6,978
VIC,Hopetoun,158,459,617,6,623
VIC,Horsham,1012,2833,3845,26,3871
VIC,Horsham North,337,1165,1502,15,1517
VIC,Horsham West,494,1386,1880,8,1888
VIC,Hotham Hill,700,321,1021,15,1036
VIC,Hughesdale,1692,1102,2794,34,2828
VIC,Hughesdale North,242,146,388,6,394
VIC,Hughesdale South,1034,925,1959,25,1984
VIC,Huntingdale,562,452,1014,9,1023
VIC,Huntly,360,652,1012,5,1017
VIC,Hurstbridge,1244,880,2124,18,2142
VIC,Hyde Park,879,448,1327,11,1338
VIC,Inala Village,128,284,412,6,418
VIC,Indented Head,131,227,358,2,360
VIC,Inglewood,203,526,729,5,734
VIC,Invergordon,78,305,383,1,384
VIC,Inverleigh,220,373,593,6,599
VIC,Inverloch,932,1242,2174,20,2194
VIC,Iona,28,38,66,3,69
VIC,Iramoo,1477,1870,3347,44,3391
VIC,Ironbark,474,645,1119,11,1130
VIC,Irrewillipe East,31,104,135,0,135
VIC,Irymple,652,1392,2044,23,2067
VIC,Ivanhoe,1829,945,2774,22,2796
VIC,Ivanhoe Central,363,206,569,5,574
VIC,Ivanhoe East,1426,832,2258,11,2269
VIC,Ivanhoe West,934,729,1663,25,1688
VIC,Jacana,734,868,1602,13,1615
VIC,Jamieson,62,152,214,1,215
VIC,Jells Park,1276,793,2069,20,2089
VIC,Jeparit,85,309,394,1,395
VIC,Jindivick,91,192,283,4,287
VIC,Jobs Gully,401,838,1239,14,1253
VIC,Johnsonville,160,376,536,1,537
VIC,Jung,28,64,92,0,92
VIC,Junortoun,150,209,359,2,361
VIC,Kalinda,930,823,1753,17,1770
VIC,Kalkallo,72,115,187,1,188
VIC,Kallista,675,449,1124,11,1135
VIC,Kananook,990,966,1956,15,1971
VIC,Kangaroo Flat,1353,2397,3750,24,3774
VIC,Kangaroo Flat South,416,726,1142,8,1150
VIC,Kangaroo Ground,478,279,757,1,758
VIC,Kaniva,134,611,745,5,750
VIC,Kardinia Park,493,438,931,13,944
VIC,Karingal,1113,1615,2728,37,2765
VIC,Karingal Heights,1228,1669,2897,27,2924
VIC,Karoo,979,928,1907,23,1930
VIC,Katamatite,72,228,300,6,306
VIC,Katandra West,122,398,520,1,521
VIC,Katunga,133,364,497,3,500
VIC,Kealba,1413,1044,2457,32,2489
VIC,Keelbundoora,148,133,281,5,286
VIC,Keilor,2011,1776,3787,33,3820
VIC,Keilor Downs,1655,1096,2751,38,2789
VIC,Keilor East,1519,988,2507,27,2534
VIC,Keilor Heights,1385,1179,2564,35,2599
VIC,Keilor Park,1093,860,1953,23,1976
VIC,Keilor South,1784,1419,3203,47,3250
VIC,Kennedy Street,536,936,1472,15,1487
VIC,Kennington,732,971,1703,11,1714
VIC,Kensington,1692,759,2451,35,2486
VIC,Keon Park,450,434,884,11,895
VIC,Kerang,477,1551,2028,13,2041
VIC,Kerang North,215,655,870,5,875
VIC,Kerferd,2226,970,3196,38,3234
VIC,Kergunyah,64,168,232,1,233
VIC,Kernot,23,86,109,1,110
VIC,Kerrimuir,1464,1200,2664,37,2701
VIC,Kew,2416,1145,3561,40,3601
VIC,Kew East,985,601,1586,13,1599
VIC,Kew North,1583,733,2316,19,2335
VIC,Kew South,1599,856,2455,20,2475
VIC,Keysborough,870,874,1744,15,1759
VIC,Kialla,157,294,451,3,454
VIC,Kialla Park,124,174,298,1,299
VIC,Kialla West,130,246,376,1,377
VIC,Kiewa,167,360,527,2,529
VIC,Kilcunda,70,123,193,3,196
VIC,Killara,402,394,796,6,802
VIC,Kilmany,32,94,126,0,126
VIC,Kilmore,1110,1418,2528,22,2550
VIC,Kilsyth,1102,1488,2590,36,2626
VIC,Kilsyth South,703,872,1575,15,1590
VIC,Kinglake,378,322,700,7,707
VIC,Kinglake West,411,431,842,5,847
VIC,Kings College,508,708,1216,11,1227
VIC,Kings Park,2294,2055,4349,60,4409
VIC,Kingsbury,1031,880,1911,17,1928
VIC,Kingsley Park,923,1059,1982,10,1992
VIC,Kingston Heath,1105,1020,2125,18,2143
VIC,Kingsville,1430,1003,2433,44,2477
VIC,Kingsville South,718,581,1299,26,1325
VIC,Kingsville West,1018,729,1747,28,1775
VIC,Kingswood,963,958,1921,19,1940
VIC,Knight Street,906,1431,2337,15,2352
VIC,Knox Gardens,1679,1345,3024,33,3057
VIC,Knoxfield,1823,2087,3910,42,3952
VIC,Knoxfield North,668,725,1393,10,1403
VIC,Kongwak,71,171,242,6,248
VIC,Koondrook,192,552,744,1,745
VIC,Koonung Heights,1558,971,2529,26,2555
VIC,Koonwarra,123,173,296,3,299
VIC,Koorlong,94,215,309,3,312
VIC,Kooweerup,304,744,1048,13,1061
VIC,Kooyong Park,779,503,1282,7,1289
VIC,Koroit,520,860,1380,15,1395
VIC,Korong Vale,42,167,209,2,211
VIC,Korumburra,842,1501,2343,14,2357
VIC,Koyuga,32,98,130,0,130
VIC,Kunyung,1027,859,1886,11,1897
VIC,Kurunjang,860,1035,1895,26,1921
VIC,Ky Valley,54,217,271,1,272
VIC,Kyabram,809,1992,2801,24,2825
VIC,Kyabram West,336,964,1300,4,1304
VIC,Kyneton,1332,2240,3572,23,3595
VIC,Laanecoorie,38,94,132,0,132
VIC,Labertouche,78,153,231,3,234
VIC,Laburnum,987,692,1679,11,1690
VIC,Laharum,66,83,149,0,149
VIC,Lake Boga,220,519,739,7,746
VIC,Lake Bolac,105,243,348,5,353
VIC,Lake Charm,64,159,223,0,223
VIC,Lake Park,255,117,372,6,378
VIC,Lakes Entrance,1077,2253,3330,24,3354
VIC,Lalbert,20,85,105,1,106
VIC,Lalor,1313,1086,2399,41,2440
VIC,Lalor East,1915,1656,3571,67,3638
VIC,Lalor North,1263,844,2107,29,2136
VIC,Lalor Park,1493,922,2415,31,2446
VIC,Lalor South,1405,772,2177,42,2219
VIC,Lalor West,1445,951,2396,44,2440
VIC,Lancaster,80,243,323,2,325
VIC,Lancefield,501,758,1259,8,1267
VIC,Landcox,828,440,1268,8,1276
VIC,Landsborough,46,135,181,1,182
VIC,Lang Lang,331,704,1035,5,1040
VIC,Langwarrin,2103,2512,4615,37,4652
VIC,Langwarrin North,596,765,1361,10,1371
VIC,Langwarrin Park,1197,1462,2659,26,2685
VIC,Lara,1430,1994,3424,29,3453
VIC,Lara Central,1037,1336,2373,13,2386
VIC,Lascelles,14,46,60,0,60
VIC,Launching Place,441,665,1106,14,1120
VIC,Lavers Hill,104,95,199,3,202
VIC,Laverton,585,687,1272,20,1292
VIC,Laverton North,831,1240,2071,26,2097
VIC,Learmonth,152,244,396,2,398
VIC,Leitchville,127,412,539,6,545
VIC,Lemnos,126,279,405,4,409
VIC,Leongatha,1087,2190,3277,29,3306
VIC,Leongatha South,49,125,174,1,175
VIC,Leopold,1244,1481,2725,17,2742
VIC,Leopold South,451,738,1189,12,1201
VIC,Lethbridge,166,234,400,2,402
VIC,Lexton,62,141,203,3,206
VIC,Lillico,68,154,222,4,226
VIC,Lilydale,1742,2101,3843,48,3891
VIC,Lilydale North,146,165,311,0,311
VIC,Lilydale West,1575,2098,3673,65,3738
VIC,Lindenow,214,595,809,2,811
VIC,Linton,152,243,395,4,399
VIC,Lismore,112,329,441,3,444
VIC,Litchfield,19,62,81,2,83
VIC,Little Bendigo,37,49,86,2,88
VIC,Little River,163,238,401,6,407
VIC,Loch,94,180,274,2,276
VIC,Loch Sport,185,335,520,5,525
VIC,Lockington,142,481,623,0,623
VIC,Lockwood,293,463,756,5,761
VIC,Londrigan,58,65,123,0,123
VIC,Long Gully,372,624,996,10,1006
VIC,Longford,202,392,594,4,598
VIC,Longwarry,179,513,692,7,699
VIC,Longwood,73,128,201,4,205
VIC,Lorne,469,397,866,13,879
VIC,Lower Plenty,1094,822,1916,17,1933
VIC,Lower Templestowe,1026,635,1661,17,1678
VIC,Lucknow,349,807,1156,7,1163
VIC,Ludstone,1396,900,2296,19,2315
VIC,Lurg,55,98,153,0,153
VIC,Lyndale,1998,1943,3941,37,3978
VIC,Lyndhurst,683,1122,1805,20,1825
VIC,Lyndoch,70,119,189,2,191
VIC,Lysterfield,743,633,1376,16,1392
VIC,Macarthur,119,325,444,3,447
VIC,Macclesfield,306,342,648,3,651
VIC,Macedon,548,523,1071,5,1076
VIC,Macleod,1679,1414,3093,36,3129
VIC,Macorna,41,83,124,0,124
VIC,Maffra,901,1980,2881,17,2898
VIC,Magpie,92,110,202,2,204
VIC,Maiden Gully,478,805,1283,9,1292
VIC,Maidstone,1197,862,2059,35,2094
VIC,Maidstone East,546,406,952,9,961
VIC,Mailors Flat,133,308,441,3,444
VIC,Main Ridge,82,98,180,1,181
VIC,Maldon,537,808,1345,13,1358
VIC,Mallacoota,291,332,623,4,627
VIC,Malmsbury,163,182,345,3,348
VIC,Malvern,1746,914,2660,32,2692
VIC,Malvern Central,903,593,1496,15,1511
VIC,Malvern East,2553,1166,3719,38,3757
VIC,Malvern Lower,1136,668,1804,12,1816
VIC,Malvern South,2384,1100,3484,27,3511
VIC,Malvern West,741,337,1078,6,1084
VIC,Manangatang,77,262,339,3,342
VIC,Manchester,768,1120,1888,19,1907
VIC,Mandama,1224,1427,2651,23,2674
VIC,Mandurang,121,151,272,1,273
VIC,Manifold Heights,813,914,1727,13,1740
VIC,Manningham,474,291,765,8,773
VIC,Manooka,1107,764,1871,18,1889
VIC,Manorvale,1104,1410,2514,19,2533
VIC,Mansfield,925,1606,2531,20,2551
VIC,Maralinga,770,796,1566,25,1591
VIC,Maramba,1456,1882,3338,46,3384
VIC,Mardan,20,86,106,0,106
VIC,Maribyrnong,885,652,1537,18,1555
VIC,Markwood,78,116,194,0,194
VIC,Marlo,120,207,327,4,331
VIC,Marnoo,24,130,154,1,155
VIC,Marong,159,334,493,2,495
VIC,Maryborough,1037,2162,3199,20,3219
VIC,Maryborough East,644,1455,2099,18,2117
VIC,Maryknoll,145,158,303,4,307
VIC,Marysville,153,219,372,2,374
VIC,McCrae,346,443,789,3,792
VIC,McKinnon,1804,1154,2958,23,2981
VIC,McKinnon East,929,642,1571,15,1586
VIC,Meadow Fair,698,623,1321,22,1343
VIC,Meadow Heights,2617,1790,4407,43,4450
VIC,Meadowglen,925,1119,2044,22,2066
VIC,Meeniyan,262,499,761,4,765
VIC,Meerlieu,44,84,128,0,128
VIC,Melbourne,4117,1880,5997,59,6056
VIC,Melbourne Airport,101,108,209,2,211
VIC,Melton,1679,2307,3986,57,4043
VIC,Melton Central,137,188,325,8,333
VIC,Melton South,1340,1786,3126,43,3169
VIC,Melville,633,329,962,5,967
VIC,Mentone,1076,869,1945,17,1962
VIC,Mentone East,239,213,452,3,455
VIC,Mentone North,797,623,1420,15,1435
VIC,Mentone Park,649,569,1218,9,1227
VIC,Menzies Creek,279,220,499,3,502
VIC,Merbein,521,1292,1813,14,1827
VIC,Merbein South,54,121,175,1,176
VIC,Merbein West,48,151,199,3,202
VIC,Meredith,155,295,450,4,454
VIC,Meringur,20,57,77,0,77
VIC,Merino,99,255,354,4,358
VIC,Merlynston,656,617,1273,10,1283
VIC,Mernda,234,367,601,16,617
VIC,Merri,885,300,1185,22,1207
VIC,Merricks North,134,75,209,2,211
VIC,Merrigum,148,378,526,3,529
VIC,Merrijig,107,124,231,0,231
VIC,Merrilands,1296,731,2027,22,2049
VIC,Merrivale,212,355,567,7,574
VIC,Merton,29,73,102,1,103
VIC,Metung,208,350,558,0,558
VIC,Mickleham,244,246,490,5,495
VIC,Middle Brighton,1636,1089,2725,18,2743
VIC,Middle Park,976,470,1446,12,1458
VIC,Milawa,104,225,329,3,332
VIC,Mildura,1438,3237,4675,56,4731
VIC,Mildura Base Hospital,103,176,279,1,280
VIC,Mildura City Central,405,962,1367,15,1382
VIC,Mildura Deakin,1065,2026,3091,29,3120
VIC,Mildura South,762,1286,2048,16,2064
VIC,Mildura West,1033,1809,2842,25,2867
VIC,Milgate,1882,1125,3007,20,3027
VIC,Mill Park,1483,1174,2657,32,2689
VIC,Mill Park Heights,1745,1328,3073,35,3108
VIC,Millgrove,278,455,733,16,749
VIC,Miners Rest,248,493,741,1,742
VIC,Minimay,22,86,108,0,108
VIC,Minyip,86,425,511,0,511
VIC,Mirboo North,502,847,1349,10,1359
VIC,Mitcham,715,682,1397,9,1406
VIC,Mitcham North,1207,935,2142,14,2156
VIC,Mitchell,1085,528,1613,32,1645
VIC,Mitiamo,30,87,117,2,119
VIC,Mitta Mitta,46,119,165,0,165
VIC,Moe,1284,2264,3548,32,3580
VIC,Moe Central,512,983,1495,19,1514
VIC,Moe West,347,738,1085,3,1088
VIC,Molesworth,29,55,84,0,84
VIC,Molyullah,38,59,97,0,97
VIC,Monash East,695,478,1173,13,1186
VIC,Monbulk,1090,1300,2390,29,2419
VIC,Mongans Bridge,39,80,119,0,119
VIC,Monmia,2623,1719,4342,68,4410
VIC,Mont Albert,1309,775,2084,11,2095
VIC,Montmorency,2228,1680,3908,37,3945
VIC,Montmorency South,967,679,1646,10,1656
VIC,Montrose,1758,1790,3548,25,3573
VIC,Montrose South,541,537,1078,4,1082
VIC,Moolap,279,431,710,7,717
VIC,Moomba Park,1156,762,1918,33,1951
VIC,Moonambel,56,129,185,1,186
VIC,Moonee Ponds Central,784,472,1256,11,1267
VIC,Moonee Ponds North,1137,679,1816,35,1851
VIC,Moonee Ponds West,1392,707,2099,37,2136
VIC,Moorabbin,966,749,1715,15,1730
VIC,Moorabbin Heights,1103,952,2055,30,2085
VIC,Moorabbin South,620,467,1087,8,1095
VIC,Moorabbin South East,876,778,1654,21,1675
VIC,Moorabbin West,950,845,1795,9,1804
VIC,Moorooduc,224,289,513,9,522
VIC,Mooroolbark,1242,1578,2820,23,2843
VIC,Mooroolbark East,1015,1115,2130,16,2146
VIC,Mooroolbark South,917,1167,2084,27,2111
VIC,Mooroopna,342,766,1108,5,1113
VIC,Mooroopna Park,956,2011,2967,21,2988
VIC,Morack,1481,1054,2535,20,2555
VIC,Morang South,933,986,1919,20,1939
VIC,Mordialloc,202,151,353,2,355
VIC,Mordialloc East,966,958,1924,20,1944
VIC,Moreland,1464,793,2257,35,2292
VIC,Moriac,316,426,742,4,746
VIC,Mornington,1474,1689,3163,28,3191
VIC,Mornington East,602,918,1520,11,1531
VIC,Mornington South,1320,1880,3200,28,3228
VIC,Mortlake,346,771,1117,6,1123
VIC,Morwell,562,1010,1572,9,1581
VIC,Morwell Central,1149,1888,3037,32,3069
VIC,Morwell Estate,1040,1507,2547,19,2566
VIC,Morwell North,146,233,379,1,380
VIC,Mossfiel,2034,2229,4263,61,4324
VIC,Mount Beauty,418,594,1012,7,1019
VIC,Mount Buller,15,19,34,0,34
VIC,Mount Clear,1081,1268,2349,12,2361
VIC,Mount Dandenong,627,486,1113,1,1114
VIC,Mount Duneed,240,282,522,3,525
VIC,Mount Eccles,38,83,121,0,121
VIC,Mount Egerton,104,142,246,0,246
VIC,Mount Evelyn,414,404,818,6,824
VIC,Mount Macedon,317,286,603,6,609
VIC,Mount Pleasant,781,1182,1963,21,1984
VIC,Mount View,2681,1828,4509,27,4536
VIC,Mount Wallace,53,84,137,0,137
VIC,Mount Waverley,229,213,442,0,442
VIC,Mount Waverley South,2337,1756,4093,28,4121
VIC,Mountain Gate,1727,1986,3713,37,3750
VIC,Moyhu,138,294,432,2,434
VIC,Moyston,75,152,227,0,227
VIC,Mt Eliza,2339,2158,4497,30,4527
VIC,Mt Eliza Central,540,490,1030,5,1035
VIC,Mt Eliza North,614,481,1095,5,1100
VIC,Mt Erin,1149,1289,2438,19,2457
VIC,Mt Martha,1764,1497,3261,21,3282
VIC,Mt Martha North,1051,1208,2259,23,2282
VIC,Mudgegonga,41,82,123,1,124
VIC,Mulgrave,1179,951,2130,20,2150
VIC,Mullum,1037,946,1983,26,2009
VIC,Murchison,183,387,570,2,572
VIC,Murra Warra,19,84,103,1,104
VIC,Murrabit,86,256,342,1,343
VIC,Murray,729,649,1378,20,1398
VIC,Murrayville,64,273,337,1,338
VIC,Murrumbeena,1024,625,1649,21,1670
VIC,Murrumbeena South,1381,1029,2410,26,2436
VIC,Murtoa,216,477,693,7,700
VIC,Myrniong,97,101,198,0,198
VIC,Myrrhee,40,56,96,1,97
VIC,Myrtleford,980,1599,2579,25,2604
VIC,Nagambie,400,914,1314,10,1324
VIC,Nambrok,59,147,206,1,207
VIC,Nandaly,20,57,77,0,77
VIC,Nangiloc,115,221,336,2,338
VIC,Nanneella,57,213,270,2,272
VIC,Napoleons,205,315,520,6,526
VIC,Nar Nar Goon,213,373,586,12,598
VIC,Nar Nar Goon North,98,171,269,1,270
VIC,Narbethong,50,76,126,0,126
VIC,Naringal,50,134,184,1,185
VIC,Narracan,65,110,175,2,177
VIC,Narrawong,91,141,232,1,233
VIC,Narre Warren,2157,2724,4881,44,4925
VIC,Narre Warren East,189,152,341,2,343
VIC,Narre Warren North,432,483,915,7,922
VIC,Nathalia,324,915,1239,9,1248
VIC,Natimuk,119,385,504,5,509
VIC,Natte Yallock,14,59,73,0,73
VIC,Navarre,22,61,83,1,84
VIC,Neerim Junction,66,140,206,3,209
VIC,Neerim South,273,456,729,4,733
VIC,Nelson,52,109,161,1,162
VIC,Nerrena,39,118,157,1,158
VIC,Netherby,23,82,105,0,105
VIC,New Gisborne,548,541,1089,2,1091
VIC,Newborough,878,1523,2401,20,2421
VIC,Newborough East,534,814,1348,7,1355
VIC,Newbridge,71,172,243,0,243
VIC,Newcomb,933,1467,2400,19,2419
VIC,Newcomb South,437,705,1142,9,1151
VIC,Newham,142,194,336,7,343
VIC,Newhaven,363,468,831,9,840
VIC,Newington,109,165,274,2,276
VIC,Newlands,978,706,1684,26,1710
VIC,Newlyn,171,276,447,4,451
VIC,Newmarket,1259,598,1857,30,1887
VIC,Newmerella,58,210,268,0,268
VIC,Newport,1023,842,1865,26,1891
VIC,Newport East,959,617,1576,14,1590
VIC,Newport West,996,970,1966,35,2001
VIC,Newry,80,185,265,1,266
VIC,Newstead,272,391,663,5,668
VIC,Nhill,346,1213,1559,19,1578
VIC,Nichols Point,317,495,812,9,821
VIC,Nicholson,231,398,629,3,632
VIC,Niddrie,1036,813,1849,21,1870
VIC,Niddrie Central,1503,1320,2823,20,2843
VIC,Nilma,72,162,234,1,235
VIC,Noble Park,1498,1273,2771,45,2816
VIC,Noble Park South,1476,1312,2788,33,2821
VIC,Noojee,45,110,155,1,156
VIC,Noorat,155,319,474,1,475
VIC,Noradjuha,16,84,100,1,101
VIC,Norlane,1827,2170,3997,102,4099
VIC,Norris Bank,2115,1475,3590,36,3626
VIC,North Melbourne,1644,697,2341,23,2364
VIC,North Melbourne Central,574,217,791,10,801
VIC,North Shore,867,1371,2238,22,2260
VIC,Northcote,2869,1023,3892,58,3950
VIC,Northcote North,1114,520,1634,29,1663
VIC,Northcote South,2046,678,2724,42,2766
VIC,Northcote West,338,112,450,2,452
VIC,Norwood,838,720,1558,2,1560
VIC,Nowa Nowa,74,133,207,1,208
VIC,Nullawarre,106,310,416,6,422
VIC,Nullawil,35,68,103,1,104
VIC,Numurkah,654,1900,2554,29,2583
VIC,Nunawading,1075,828,1903,22,1925
VIC,Nunawading South,1444,1239,2683,23,2706
VIC,Nungurner,46,104,150,0,150
VIC,Nyah,97,321,418,5,423
VIC,Nyah West,115,381,496,3,499
VIC,Nyora,172,379,551,4,555
VIC,Oak Park,1069,1006,2075,19,2094
VIC,Oakhill,793,654,1447,13,1460
VIC,Oakleigh,832,547,1379,27,1406
VIC,Oakleigh Central,845,540,1385,16,1401
VIC,Oakleigh East,868,731,1599,14,1613
VIC,Oakleigh North,1051,700,1751,19,1770
VIC,Oakleigh South,1290,1130,2420,25,2445
VIC,Oakwood Park,581,620,1201,11,1212
VIC,Oatlands,926,1109,2035,26,2061
VIC,Oberon,919,1156,2075,19,2094
VIC,Oberon South,708,915,1623,10,1633
VIC,Ocean Grove,1577,1296,2873,21,2894
VIC,Officer,219,418,637,5,642
VIC,Olinda,308,245,553,4,557
VIC,Omeo,95,228,323,3,326
VIC,Orbost,429,1054,1483,18,1501
VIC,Orford,23,101,124,0,124
VIC,Ormond,776,622,1398,22,1420
VIC,Ormond West,996,656,1652,9,1661
VIC,Orrong,1132,549,1681,20,1701
VIC,Orrvale,102,252,354,3,357
VIC,Ouyen,208,664,872,7,879
VIC,Oxley,113,225,338,2,340
VIC,Pakenham,953,1630,2583,17,2600
VIC,Pakenham Central,780,1859,2639,23,2662
VIC,Pakenham North,365,562,927,12,939
VIC,Pakenham South,30,90,120,3,123
VIC,Pakenham Upper,241,293,534,6,540
VIC,Panmure,108,305,413,5,418
VIC,Panton Hill,384,285,669,6,675
VIC,Park Orchards,1300,908,2208,18,2226
VIC,Park Ridge,1098,970,2068,19,2087
VIC,Parkdale,1507,1245,2752,28,2780
VIC,Parkdale Central,696,610,1306,12,1318
VIC,Parkdale East,1079,1015,2094,16,2110
VIC,Parkmore,1365,1318,2683,28,2711
VIC,Parkville,1024,292,1316,4,1320
VIC,Parkwood,601,502,1103,10,1113
VIC,Pascoe Vale,1447,1157,2604,41,2645
VIC,Pascoe Vale Central,511,320,831,9,840
VIC,Pascoe Vale North,1274,1024,2298,32,2330
VIC,Pascoe Vale South,1713,1170,2883,27,2910
VIC,Pascoe Vale West,697,678,1375,12,1387
VIC,Patchewollock,28,96,124,1,125
VIC,Patterson Lakes,1638,1701,3339,24,3363
VIC,Patterson Park,429,863,1292,11,1303
VIC,Paynesville,761,1378,2139,10,2149
VIC,Pearcedale,851,1158,2009,17,2026
VIC,Penshurst,179,374,553,1,554
VIC,Peterborough,45,114,159,1,160
VIC,Piangil,75,248,323,3,326
VIC,Picola,51,153,204,1,205
VIC,Pimpinio,25,104,129,0,129
VIC,Pine Lodge,23,68,91,0,91
VIC,Pinewood,1984,1545,3529,25,3554
VIC,Piries-Goughs Bay,37,56,93,0,93
VIC,Pirron Yallock,99,184,283,1,284
VIC,Plenty,318,272,590,4,594
VIC,Point Cook,68,62,130,1,131
VIC,Point Lonsdale,813,857,1670,13,1683
VIC,Pomonal,78,128,206,4,210
VIC,Poowong,170,343,513,2,515
VIC,Porepunkah,235,350,585,6,591
VIC,Port Albert,64,156,220,0,220
VIC,Port Campbell,111,166,277,2,279
VIC,Port Fairy,809,1152,1961,11,1972
VIC,Port Franklin,47,79,126,0,126
VIC,Port Melbourne,2095,1031,3126,38,3164
VIC,Portarlington,798,1250,2048,8,2056
VIC,Portland Central,950,1356,2306,14,2320
VIC,Portland North,78,123,201,0,201
VIC,Portland South,596,798,1394,6,1400
VIC,Portsea,97,123,220,1,221
VIC,Powelltown,39,71,110,1,111
VIC,Prahran,1538,682,2220,38,2258
VIC,Prahran East,2027,847,2874,32,2906
VIC,Prahran West,79,113,192,3,195
VIC,Preston,1009,581,1590,24,1614
VIC,Preston East,1381,983,2364,44,2408
VIC,Preston North,239,198,437,2,439
VIC,Preston North East,1042,967,2009,21,2030
VIC,Preston South,1007,632,1639,31,1670
VIC,Preston West,1564,896,2460,58,2518
VIC,Prison Mobiles,1,1,2,0,2
VIC,Puckapunyal,173,375,548,2,550
VIC,Purnim,107,185,292,3,295
VIC,Pyalong,88,218,306,1,307
VIC,Pyramid Hill,143,363,506,4,510
VIC,Quambatook,59,188,247,5,252
VIC,Quantong,42,152,194,0,194
VIC,Quarry Hill,495,482,977,7,984
VIC,Queenscliff,450,398,848,6,854
VIC,Rainbow,116,439,555,1,556
VIC,Rangeview,1091,833,1924,14,1938
VIC,Rawson,49,123,172,5,177
VIC,Raywood,99,250,349,2,351
VIC,Red Cliffs,777,1847,2624,19,2643
VIC,Red Hill,745,529,1274,9,1283
VIC,Redan,759,1131,1890,17,1907
VIC,Redan Central,1116,524,1640,19,1659
VIC,Redan North,385,410,795,4,799
VIC,Redesdale,94,165,259,1,260
VIC,Regent,1462,867,2329,26,2355
VIC,Regent West,461,326,787,8,795
VIC,Repatriation Hospital,76,66,142,0,142
VIC,Research,1897,1073,2970,22,2992
VIC,Reservoir,777,743,1520,18,1538
VIC,Reservoir Central,1355,1185,2540,45,2585
VIC,Reservoir East,567,456,1023,14,1037
VIC,Reservoir North,1463,1197,2660,44,2704
VIC,Reservoir North East,787,904,1691,26,1717
VIC,Reservoir South,602,515,1117,13,1130
VIC,Reservoir West,682,636,1318,14,1332
VIC,Rhyll,175,290,465,4,469
VIC,Richmond,2475,958,3433,35,3468
VIC,Richmond Central,1442,580,2022,27,2049
VIC,Richmond East,2001,836,2837,38,2875
VIC,Richmond North,696,318,1014,23,1037
VIC,Richmond South,1050,360,1410,14,1424
VIC,Richmond West,1009,543,1552,33,1585
VIC,Riddell,782,883,1665,17,1682
VIC,Ringwood,733,877,1610,15,1625
VIC,Ringwood East,892,969,1861,18,1879
VIC,Ringwood Heights,924,702,1626,10,1636
VIC,Ringwood North,450,380,830,8,838
VIC,Ringwood South,1564,1453,3017,33,3050
VIC,Ripplebrook,32,80,112,0,112
VIC,Ripponlea East,782,408,1190,12,1202
VIC,Ripponlea North,649,407,1056,14,1070
VIC,Riverside,35,138,173,0,173
VIC,Robinvale,527,1173,1700,23,1723
VIC,Rochester,612,1546,2158,21,2179
VIC,Rockbank,430,563,993,13,1006
VIC,Rokeby,66,123,189,1,190
VIC,Rokewood,80,136,216,1,217
VIC,Rolling Hills,1024,1350,2374,16,2390
VIC,Rollins,1030,1015,2045,22,2067
VIC,Romsey,785,1174,1959,16,1975
VIC,Rosanna,1040,818,1858,13,1871
VIC,Rosanna East,265,210,475,2,477
VIC,Rosebud,523,795,1318,13,1331
VIC,Rosebud East,821,1166,1987,22,2009
VIC,Rosebud South,944,1244,2188,25,2213
VIC,Rosebud West,864,1324,2188,26,2214
VIC,Rosedale,258,712,970,7,977
VIC,Rosewood Downs,1633,1507,3140,43,3183
VIC,Ross Creek,273,371,644,6,650
VIC,Rowellyn Park,1137,1398,2535,32,2567
VIC,Rowsley,36,97,133,1,134
VIC,Rowville,2285,2020,4305,53,4358
VIC,Rowville East,1781,1603,3384,31,3415
VIC,Roxburgh Park,1287,1103,2390,28,2418
VIC,Ruffy,29,61,90,1,91
VIC,Rupanyup,81,305,386,3,389
VIC,Rushworth,294,721,1015,13,1028
VIC,Rutherglen,580,941,1521,15,1536
VIC,Ruthven,2526,1449,3975,55,4030
VIC,Rye,1761,2059,3820,40,3860
VIC,Rye South,227,168,395,12,407
VIC,Safety Beach,477,659,1136,9,1145
VIC,Sale,1424,2172,3596,24,3620
VIC,Sale East,791,1225,2016,10,2026
VIC,Sale North,689,1434,2123,16,2139
VIC,San Remo,252,350,602,5,607
VIC,Sandown Park,1176,798,1974,32,2006
VIC,Sandridge,651,481,1132,17,1149
VIC,Sandringham,1281,882,2163,14,2177
VIC,Sandringham North,1109,699,1808,14,1822
VIC,Sandy Creek,51,112,163,1,164
VIC,Sassafras,416,289,705,5,710
VIC,Scoresby,1430,1393,2823,28,2851
VIC,Scoresby East,238,233,471,4,475
VIC,Scotts Creek,40,150,190,0,190
VIC,Sea Lake,137,410,547,5,552
VIC,Seabrook,1333,1241,2574,27,2601
VIC,Seaford,887,1079,1966,19,1985
VIC,Seaford North,643,701,1344,9,1353
VIC,Seaholme,1214,1277,2491,23,2514
VIC,Seaspray,97,168,265,3,268
VIC,Sebastopol,1011,2072,3083,34,3117
VIC,Seddon,1501,784,2285,35,2320
VIC,Selby,511,355,866,8,874
VIC,Serpell,2023,1058,3081,24,3105
VIC,Serpentine,66,133,199,0,199
VIC,Serviceton,23,100,123,2,125
VIC,Seville,607,905,1512,20,1532
VIC,Seymour,537,1016,1553,9,1562
VIC,Seymour East,935,1840,2775,29,2804
VIC,Shannon,660,694,1354,15,1369
VIC,Shelford,41,95,136,1,137
VIC,Shepparton,97,261,358,7,365
VIC,Shepparton Central,122,250,372,4,376
VIC,Shepparton East,207,423,630,5,635
VIC,Shepparton North,734,1454,2188,12,2200
VIC,Shepparton South,849,1747,2596,29,2625
VIC,Shoreham,210,142,352,2,354
VIC,Silvan,266,306,572,6,578
VIC,Silverton,2205,1937,4142,61,4203
VIC,Simpson,133,452,585,4,589
VIC,Skipton,125,356,481,5,486
VIC,Skye,218,327,545,1,546
VIC,Smeaton,92,165,257,0,257
VIC,Smythesdale,301,487,788,6,794
VIC,Snake Valley,160,347,507,7,514
VIC,Soldiers Hill,475,490,965,6,971
VIC,Somers,397,299,696,8,704
VIC,Somerville East,1012,1385,2397,18,2415
VIC,Somerville West,1179,1540,2719,29,2748
VIC,Sorrento,573,757,1330,7,1337
VIC,South Melbourne,1380,890,2270,7,2277
VIC,South Yarra,429,236,665,5,670
VIC,Southland,187,166,353,2,355
VIC,Southmoor,449,343,792,4,796
VIC,Southvale,815,716,1531,18,1549
VIC,Sparrowhawk,194,450,644,9,653
VIC,Speed,26,141,167,2,169
VIC,Spotswood,656,477,1133,18,1151
VIC,Spotswood West,715,631,1346,18,1364
VIC,Spring Gully,814,956,1770,13,1783
VIC,Spring Valley,989,770,1759,13,1772
VIC,Springbank,68,136,204,2,206
VIC,Springhurst,58,142,200,1,201
VIC,Springvale,1722,1105,2827,43,2870
VIC,Springvale South,1113,1082,2195,37,2232
VIC,Springvale West,1119,707,1826,14,1840
VIC,Springview,1175,1003,2178,24,2202
VIC,St Albans,1541,1129,2670,47,2717
VIC,St Albans East,2130,1598,3728,82,3810
VIC,St Albans North,1616,1157,2773,45,2818
VIC,St Albans South,1412,1022,2434,45,2479
VIC,St Albans South East,1782,1286,3068,41,3109
VIC,St Albans West,1410,1128,2538,54,2592
VIC,St Andrews,504,298,802,5,807
VIC,St Arnaud,567,1389,1956,15,1971
VIC,St Helens,429,533,962,10,972
VIC,St James,42,170,212,1,213
VIC,St Kilda,2892,1461,4353,47,4400
VIC,St Kilda Beach,1157,404,1561,18,1579
VIC,St Kilda North,923,487,1410,17,1427
VIC,St Kilda Park,1400,536,1936,18,1954
VIC,St Kilda South,1449,637,2086,17,2103
VIC,St Laurence,53,156,209,3,212
VIC,St Leonards,430,628,1058,6,1064
VIC,Staceys Bridge,33,91,124,1,125
VIC,Stanhope,198,587,785,3,788
VIC,Stanley,90,115,205,1,206
VIC,Stawell,619,1506,2125,12,2137
VIC,Stawell District Hospital,39,99,138,0,138
VIC,Stawell West,510,1294,1804,18,1822
VIC,Stevensville,1050,874,1924,30,1954
VIC,Stradbroke,42,84,126,2,128
VIC,Stratford,450,943,1393,14,1407
VIC,Strath Creek,13,63,76,0,76
VIC,Strath Hill,997,1215,2212,23,2235
VIC,Strathbogie,85,158,243,1,244
VIC,Strathdale,766,1108,1874,14,1888
VIC,Strathfieldsaye,840,939,1779,20,1799
VIC,Strathmerton,142,517,659,7,666
VIC,Strathmore,1444,1179,2623,22,2645
VIC,Strathmore North,1205,931,2136,23,2159
VIC,Strathmore South,509,358,867,4,871
VIC,Streatham,49,172,221,1,222
VIC,Stuart Mill,14,67,81,0,81
VIC,Studfield East,1385,1656,3041,33,3074
VIC,Studley Park,1067,521,1588,10,1598
VIC,Sunbury,1124,1203,2327,34,2361
VIC,Sunbury East,764,1008,1772,15,1787
VIC,Sunbury Heights,1005,1232,2237,25,2262
VIC,Sunbury North,946,884,1830,7,1837
VIC,Sunbury West,2112,2653,4765,42,4807
VIC,Sunnycliffs,47,115,162,0,162
VIC,Sunshine,799,773,1572,27,1599
VIC,Sunshine North,1953,1295,3248,50,3298
VIC,Sunvale,1130,1034,2164,20,2184
VIC,Surrey Hills,951,568,1519,10,1529
VIC,Surrey Hills West,790,527,1317,9,1326
VIC,Sussex Heights,1242,759,2001,25,2026
VIC,Swan Hill,914,2299,3213,28,3241
VIC,Swan Hill South,380,735,1115,5,1120
VIC,Swan Hill West,420,1087,1507,12,1519
VIC,Swanpool,100,247,347,7,354
VIC,Swifts Creek,74,204,278,5,283
VIC,Sydenham,2895,2504,5399,82,5481
VIC,Syndal North,1723,1479,3202,24,3226
VIC,Syndal South,1058,709,1767,10,1777
VIC,Taggerty,99,118,217,1,218
VIC,Talbot,186,363,549,4,553
VIC,Tallangatta,247,593,840,4,844
VIC,Tallangatta Valley,29,69,98,1,99
VIC,Tallarook,131,218,349,2,351
VIC,Tally Ho,1492,1115,2607,31,2638
VIC,Tallygaroopna,82,302,384,1,385
VIC,Tanjil South,49,217,266,0,266
VIC,Tanti Park,769,1242,2011,17,2028
VIC,Taradale,153,188,341,0,341
VIC,Tarnagulla,86,127,213,2,215
VIC,Tarrawingee,56,131,187,5,192
VIC,Tarrington,61,180,241,0,241
VIC,Tarwin Lower,243,396,639,3,642
VIC,Tatong,72,98,170,1,171
VIC,Tatura,824,1599,2423,31,2454
VIC,Tatyoon,52,93,145,0,145
VIC,Tawonga,137,212,349,0,349
VIC,Taylors Lakes,3897,2700,6597,65,6662
VIC,Tecoma,928,774,1702,22,1724
VIC,Teesdale,255,347,602,5,607
VIC,Telfer Reserve,244,274,518,4,522
VIC,Templestowe,1039,717,1756,17,1773
VIC,Templestowe Heights,3126,1921,5047,50,5097
VIC,Templestowe Park,1568,1018,2586,22,2608
VIC,Templestowe Valley,1101,682,1783,14,1797
VIC,Templeton,1040,872,1912,22,1934
VIC,Tennyson,29,91,120,2,122
VIC,Terang,472,1126,1598,18,1616
VIC,Tetoora Road,56,76,132,0,132
VIC,The Basin,1371,1318,2689,22,2711
VIC,The Glen,973,770,1743,24,1767
VIC,The Grange,948,943,1891,18,1909
VIC,The Patch,300,196,496,9,505
VIC,The Pines,936,550,1486,16,1502
VIC,The Stables,2417,1827,4244,55,4299
VIC,The Stockade,809,954,1763,19,1782
VIC,Thomas Chirnside,688,840,1528,15,1543
VIC,Thomastown,393,257,650,9,659
VIC,Thomastown East,1465,906,2371,45,2416
VIC,Thomastown Meadows,1560,915,2475,28,2503
VIC,Thomastown West,3343,1945,5288,103,5391
VIC,Thomson,722,991,1713,19,1732
VIC,Thoona,63,135,198,0,198
VIC,Thornbury,2019,922,2941,45,2986
VIC,Thornbury Central,164,69,233,0,233
VIC,Thornbury East,1794,1009,2803,30,2833
VIC,Thornbury South,1861,788,2649,32,2681
VIC,Thornbury West,255,132,387,5,392
VIC,Thornton,101,170,271,1,272
VIC,Thorpdale,123,342,465,3,468
VIC,Timbarra,1208,1306,2514,25,2539
VIC,Timboon,356,701,1057,6,1063
VIC,Tinamba,61,175,236,2,238
VIC,Tinternvale,811,818,1629,11,1640
VIC,Tolmie,33,66,99,1,100
VIC,Tongala,285,859,1144,9,1153
VIC,Tooborac,33,86,119,2,121
VIC,Toolamba,129,259,388,4,392
VIC,Toolangi,118,127,245,4,249
VIC,Toolern,131,203,334,1,335
VIC,Toolleen,47,85,132,1,133
VIC,Toolondo,38,98,136,0,136
VIC,Toomuc Valley,30,61,91,1,92
VIC,Toongabbie,176,288,464,0,464
VIC,Toora,205,393,598,3,601
VIC,Tooradin,442,786,1228,15,1243
VIC,Toorak,1734,1232,2966,23,2989
VIC,Toorak Central,952,582,1534,4,1538
VIC,Toorak West,858,629,1487,14,1501
VIC,Toorloo Arm,170,306,476,3,479
VIC,Tootgarook,538,887,1425,23,1448
VIC,Torquay,1550,1070,2620,23,2643
VIC,Torquay East,896,599,1495,9,1504
VIC,Torrumbarry,76,158,234,2,236
VIC,Tottenham North,652,582,1234,12,1246
VIC,Tower Square,356,479,835,5,840
VIC,Trafalgar,716,1216,1932,14,1946
VIC,Traralgon,1560,2214,3774,41,3815
VIC,Traralgon East,1114,2145,3259,28,3287
VIC,Traralgon North,1481,2617,4098,22,4120
VIC,Traralgon South,198,243,441,4,445
VIC,Traralgon West,345,680,1025,7,1032
VIC,Trentham,197,457,654,6,660
VIC,Tullamarine,1822,1842,3664,52,3716
VIC,Tungamah,88,239,327,3,330
VIC,Tunstall,779,656,1435,10,1445
VIC,Tyabb,586,906,1492,12,1504
VIC,Tyers,185,288,473,2,475
VIC,Tylden,172,198,370,4,374
VIC,Tyne,709,553,1262,7,1269
VIC,Tynong,118,227,345,2,347
VIC,Tynong North,63,58,121,4,125
VIC,Tyrendarra,50,122,172,1,173
VIC,Ultima,33,135,168,1,169
VIC,Undera,75,257,332,2,334
VIC,Underbool,50,191,241,3,244
VIC,Upfield,984,707,1691,38,1729
VIC,Upwey,2055,1667,3722,35,3757
VIC,Valencia Creek,42,76,118,0,118
VIC,Valkstone,506,451,957,14,971
VIC,Vermont,323,207,530,5,535
VIC,Vermont North,602,558,1160,4,1164
VIC,View Bank,1723,1146,2869,27,2896
VIC,Violet Town,235,476,711,3,714
VIC,Waaia,63,249,312,1,313
VIC,Wahgunyah,215,372,587,9,596
VIC,Wallan East,49,95,144,1,145
VIC,Wallan Wallan,811,1117,1928,26,1954
VIC,Wallarano,1823,1780,3603,51,3654
VIC,Wallington,319,346,665,5,670
VIC,Walpeup,57,97,154,3,157
VIC,Walwa,74,150,224,1,225
VIC,Wandiligong,86,84,170,1,171
VIC,Wandin East,126,165,291,2,293
VIC,Wandin North,262,438,700,5,705
VIC,Wandin Yallock,340,507,847,11,858
VIC,Wandong,391,519,910,13,923
VIC,Wanganui,353,725,1078,5,1083
VIC,Wangaratta,787,1215,2002,21,2023
VIC,Wangaratta Hospital,67,72,139,2,141
VIC,Wangaratta West,756,1541,2297,18,2315
VIC,Wangoom,83,139,222,0,222
VIC,Wantirna,1044,841,1885,19,1904
VIC,Wantirna Heights,586,643,1229,12,1241
VIC,Wantirna High,1601,1452,3053,17,3070
VIC,Wantirna South,1340,1193,2533,24,2557
VIC,Warburton,339,536,875,18,893
VIC,Warburton East,193,280,473,11,484
VIC,Warracknabeal,360,1482,1842,10,1852
VIC,Warragul,918,1542,2460,30,2490
VIC,Warragul East,463,1027,1490,9,1499
VIC,Warragul North,708,1100,1808,11,1819
VIC,Warrandyte,1632,1038,2670,22,2692
VIC,Warrandyte North,854,380,1234,5,1239
VIC,Warrandyte South,218,195,413,4,417
VIC,Warranwood,1173,848,2021,18,2039
VIC,Warrenbayne,26,43,69,0,69
VIC,Warrenheip,287,436,723,8,731
VIC,Warringal Parklands,297,180,477,2,479
VIC,Warrion,50,117,167,0,167
VIC,Warrnambool,1961,2795,4756,33,4789
VIC,Warrnambool Base Hospital,140,188,328,1,329
VIC,Warrnambool East,836,1233,2069,18,2087
VIC,Warrnambool Education Centre,557,702,1259,9,1268
VIC,Warrnambool North,547,637,1184,10,1194
VIC,Warrnambool South,185,213,398,5,403
VIC,Warrnambool West,904,1509,2413,25,2438
VIC,Watchem,27,120,147,0,147
VIC,Watsonia,1266,1251,2517,25,2542
VIC,Watsonia Central,497,551,1048,12,1060
VIC,Watsonia North,2050,1601,3651,43,3694
VIC,Watsonia South,589,668,1257,7,1264
VIC,Wattle Glen,407,284,691,5,696
VIC,Wattle Park,1309,937,2246,14,2260
VIC,Waubra,98,162,260,2,262
VIC,Waverley Meadows,1160,838,1998,17,2015
VIC,Waverley North,780,446,1226,5,1231
VIC,Wayburne,751,581,1332,17,1349
VIC,Wedderburn,230,624,854,3,857
VIC,Wedge Park,688,886,1574,21,1595
VIC,Weeden Heights,1567,963,2530,34,2564
VIC,Weeroona,802,1215,2017,18,2035
VIC,Welshpool,138,386,524,3,527
VIC,Wemen,20,81,101,1,102
VIC,Wendouree,902,1261,2163,20,2183
VIC,Wendouree East,582,938,1520,20,1540
VIC,Wendouree North,1112,1769,2881,33,2914
VIC,Wendouree West,437,847,1284,16,1300
VIC,Werribee,1435,1539,2974,38,3012
VIC,Werribee Central,1111,1239,2350,23,2373
VIC,Werribee South,366,517,883,12,895
VIC,Werrimull,37,92,129,2,131
VIC,Wesburn,270,463,733,13,746
VIC,West End,920,1315,2235,22,2257
VIC,West Park,243,457,700,6,706
VIC,Westall,1949,1282,3231,44,3275
VIC,Western Hospital,95,99,194,2,196
VIC,Westgarth,901,288,1189,23,1212
VIC,Westgate,872,746,1618,31,1649
VIC,Westgrove,756,904,1660,16,1676
VIC,Westmeadows,1558,1569,3127,36,3163
VIC,Westmelton,1304,1931,3235,32,3267
VIC,Wheelers Hill,1082,635,1717,17,1734
VIC,Wheelers Hill South,1908,1080,2988,34,3022
VIC,White Hills,527,909,1436,12,1448
VIC,Whiteside,632,550,1182,5,1187
VIC,Whitfield,84,107,191,0,191
VIC,Whittington,1439,2217,3656,44,3700
VIC,Whittlesea,732,953,1685,15,1700
VIC,Whorouly,136,228,364,3,367
VIC,Willaura,76,273,349,3,352
VIC,Williamstown,1185,821,2006,14,2020
VIC,Williamstown North,453,292,745,8,753
VIC,Williamstown South,1784,1020,2804,21,2825
VIC,Williamstown West,1594,976,2570,37,2607
VIC,Willison,755,456,1211,7,1218
VIC,Willowgrove,139,233,372,2,374
VIC,Wilmot Road,1152,2435,3587,40,3627
VIC,Wimmera Base Hospital,149,318,467,2,469
VIC,Winchelsea,363,779,1142,14,1156
VIC,Windsor,619,250,869,9,878
VIC,Winters Flat,188,296,484,1,485
VIC,Wiridjil,66,153,219,0,219
VIC,Wodonga,2873,4507,7380,72,7452
VIC,Wodonga Central,1028,1775,2803,35,2838
VIC,Wodonga District Hospital,42,51,93,0,93
VIC,Wodonga South,1095,1686,2781,15,2796
VIC,Wodonga West,1171,1662,2833,33,2866
VIC,Wollert,52,69,121,0,121
VIC,Won Wron,48,66,114,0,114
VIC,Wonga Park,862,780,1642,12,1654
VIC,Wonthaggi,901,1358,2259,22,2281
VIC,Wonthaggi North,575,1030,1605,21,1626
VIC,Wonwondah North,16,77,93,0,93
VIC,Woodend,1468,1481,2949,28,2977
VIC,Woodford,152,226,378,3,381
VIC,Woodlands,259,269,528,6,534
VIC,Woodside,111,242,353,2,355
VIC,Woodvale,69,162,231,0,231
VIC,Woodville,1553,1636,3189,26,3215
VIC,Woolsthorpe,118,223,341,4,345
VIC,Woomelang,51,204,255,1,256
VIC,Wooragee,72,93,165,1,166
VIC,Wooranna Park,1014,1042,2056,27,2083
VIC,Woori Yallock,723,1164,1887,11,1898
VIC,Woorinen,87,292,379,7,386
VIC,Woorndoo,12,24,36,0,36
VIC,Wunghnu,65,201,266,1,267
VIC,Wurdi Boluc,82,99,181,3,184
VIC,Wurruk,92,201,293,4,297
VIC,Wy Yung,205,478,683,10,693
VIC,Wycheproof,159,451,610,6,616
VIC,Wyuna,57,166,223,1,224
VIC,Yaapeet,11,61,72,0,72
VIC,Yackandandah,465,626,1091,3,1094
VIC,Yallambie,1325,1235,2560,16,2576
VIC,Yallourn North,390,617,1007,6,1013
VIC,Yambuk,72,137,209,1,210
VIC,Yan Yean,84,64,148,2,150
VIC,Yanac,10,88,98,0,98
VIC,Yanakie,67,109,176,1,177
VIC,Yandoit,59,89,148,1,149
VIC,Yarck,59,92,151,0,151
VIC,Yarra Glen,637,668,1305,11,1316
VIC,Yarra Junction,395,650,1045,10,1055
VIC,Yarra Road,556,495,1051,3,1054
VIC,Yarragon,265,541,806,6,812
VIC,Yarraleen,1735,847,2582,20,2602
VIC,Yarram,475,1044,1519,3,1522
VIC,Yarraman Park,638,721,1359,21,1380
VIC,Yarrambat,400,318,718,3,721
VIC,Yarraville,936,587,1523,20,1543
VIC,Yarraville Central,1144,694,1838,27,1865
VIC,Yarrawalla South,33,77,110,0,110
VIC,Yarrawonga,710,1520,2230,9,2239
VIC,Yarrawonga West,403,914,1317,2,1319
VIC,Yarroweyah,126,325,451,2,453
VIC,Yarrunga,1008,2105,3113,39,3152
VIC,Yea,395,748,1143,6,1149
VIC,Yielima,20,94,114,0,114
VIC,Yinnar,361,533,894,5,899
WA,Albany,572,771,1343,10,1353
WA,Albany Central,467,785,1252,9,1261
WA,Albany Regional Hospital,122,272,394,5,399
WA,Alexander Heights West,625,831,1456,20,1476
WA,Alexandra Bridge,36,93,129,1,130
WA,Ardath,14,45,59,0,59
WA,Ardross,316,385,701,7,708
WA,Ardross West,656,612,1268,7,1275
WA,Argyle,14,23,37,1,38
WA,Armadale East,811,1456,2267,13,2280
WA,Armadale North,370,866,1236,11,1247
WA,Armadale South,184,547,731,5,736
WA,Armadale West,597,1515,2112,21,2133
WA,Arthur River,24,97,121,0,121
WA,Ashfield,376,634,1010,8,1018
WA,Atwell,786,1090,1876,14,1890
WA,Augusta,248,564,812,8,820
WA,Australind,934,1791,2725,19,2744
WA,Australind North,171,313,484,4,488
WA,Badgebup,7,54,61,2,63
WA,Badgingarra,57,128,185,0,185
WA,Balcatta Central,1856,1570,3426,58,3484
WA,Balcatta East,165,236,401,4,405
WA,Balcatta North,1157,1113,2270,36,2306
WA,Balga,812,1646,2458,25,2483
WA,Balga North,658,1176,1834,30,1864
WA,Balgo,33,46,79,1,80
WA,Balingup,141,205,346,6,352
WA,Ballajura,876,1215,2091,8,2099
WA,Ballajura Central,1377,2025,3402,32,3434
WA,Ballajura South,978,1386,2364,24,2388
WA,Ballajura West,746,919,1665,11,1676
WA,Ballidu,39,115,154,0,154
WA,Barragup,391,854,1245,8,1253
WA,Bassendean,849,1226,2075,19,2094
WA,Bassendean South,1087,1386,2473,29,2502
WA,Bateman,1030,931,1961,16,1977
WA,Bayonet Head,242,570,812,7,819
WA,Bayswater,1469,1415,2884,41,2925
WA,Beachlands,207,502,709,7,716
WA,Beacon,33,145,178,2,180
WA,Beaconsfield,1338,783,2121,40,2161
WA,Bedford Park,595,684,1279,10,1289
WA,Bedford West,506,524,1030,10,1040
WA,Bedfordale,148,270,418,6,424
WA,Beechboro,769,1142,1911,21,1932
WA,Beechboro East,692,1317,2009,22,2031
WA,Beechboro West,733,1026,1759,10,1769
WA,Beeliar,93,171,264,1,265
WA,Bellevue,249,569,818,15,833
WA,Belmont,499,775,1274,9,1283
WA,Bencubbin,44,127,171,1,172
WA,Benger,26,55,81,1,82
WA,Bentley,549,824,1373,29,1402
WA,Bentley South,351,460,811,9,820
WA,Bentley West,441,433,874,13,887
WA,Beverley,193,622,815,6,821
WA,Bibra Lake,984,1341,2325,7,2332
WA,Bicton,1490,1638,3128,28,3156
WA,Bindi Bindi,20,52,72,0,72
WA,Bindoon,220,522,742,5,747
WA,Binningup,176,334,510,1,511
WA,Bluff Point,672,1373,2045,21,2066
WA,Bodallin,17,55,72,0,72
WA,Boddington,200,558,758,6,764
WA,Bolgart,33,93,126,1,127
WA,Booragoon,1190,1308,2498,17,2515
WA,Borden,40,106,146,3,149
WA,Bornholm,129,239,368,1,369
WA,Boscabel,5,61,66,0,66
WA,Boulder,1205,2316,3521,30,3551
WA,Boxwood Hill,19,47,66,0,66
WA,Boyanup,238,481,719,5,724
WA,Boyup Brook,122,480,602,3,605
WA,Bremer Bay,86,161,247,3,250
WA,Brentwood,1438,1540,2978,29,3007
WA,Bridgetown,640,1094,1734,7,1741
WA,Brookdale,292,675,967,4,971
WA,Brookhampton,35,77,112,2,114
WA,Brookton,94,433,527,6,533
WA,Broome,1224,1219,2443,29,2472
WA,Broome West,507,510,1017,10,1027
WA,Broomehill,43,169,212,1,213
WA,Bruce Rock,134,316,450,4,454
WA,Brunswick,174,504,678,3,681
WA,Bull Creek,971,973,1944,17,1961
WA,Bull Creek East,770,759,1529,10,1539
WA,Bull Creek North,545,683,1228,7,1235
WA,Bullaring,14,35,49,0,49
WA,Bullfinch,9,44,53,0,53
WA,Bullsbrook,500,1099,1599,12,1611
WA,Bulyee,18,46,64,1,65
WA,Bunbury,503,651,1154,9,1163
WA,Bunbury Central,385,462,847,7,854
WA,Bunbury East,736,1364,2100,15,2115
WA,Buntine,25,50,75,0,75
WA,Burekup,109,224,333,1,334
WA,Burns Beach,94,166,260,3,263
WA,Burracoppin,16,64,80,0,80
WA,Busselton,640,1343,1983,20,2003
WA,Busselton East,617,1162,1779,14,1793
WA,Busselton West,1167,2247,3414,24,3438
WA,Byford,682,1645,2327,21,2348
WA,Cadoux,30,89,119,0,119
WA,Calingiri,40,135,175,2,177
WA,Calista,874,1849,2723,33,2756
WA,Camboon,1248,1348,2596,27,2623
WA,Canning Vale,1417,1845,3262,16,3278
WA,Canning Vale South,449,513,962,3,965
WA,Cannington,682,923,1605,32,1637
WA,Cannington East,772,1374,2146,27,2173
WA,Cape Burney,73,114,187,1,188
WA,Capel,459,918,1377,10,1387
WA,Carbunup River,127,189,316,2,318
WA,Carcoola,117,318,435,7,442
WA,Carey Park,693,1495,2188,29,2217
WA,Carey Park South,298,757,1055,15,1070
WA,Carine,1800,1570,3370,14,3384
WA,Carlisle,435,712,1147,11,1158
WA,Carmel,153,176,329,2,331
WA,Carnamah,76,201,277,2,279
WA,Carnarvon,434,1061,1495,9,1504
WA,Carnarvon East,349,673,1022,14,1036
WA,Cascade,23,56,79,0,79
WA,Castletown,507,1412,1919,7,1926
WA,Caversham,253,343,596,4,600
WA,Centennial Park,429,1015,1444,10,1454
WA,Cervantes,79,260,339,3,342
WA,Chidlow,286,572,858,15,873
WA,Chowerup,8,48,56,0,56
WA,City Beach North,1201,862,2063,16,2079
WA,Claremont,1374,1398,2772,21,2793
WA,Claremont East,439,396,835,5,840
WA,Clarkson,622,1266,1888,12,1900
WA,Clifton Park,295,348,643,4,647
WA,Cloverdale,389,603,992,3,995
WA,Cloverdale North,910,1636,2546,22,2568
WA,Cloverdale West,1177,1803,2980,37,3017
WA,Collie,306,737,1043,6,1049
WA,Collie Central,177,402,579,7,586
WA,Collie District Hospital,327,734,1061,8,1069
WA,Collie North,375,869,1244,12,1256
WA,Como,1286,1372,2658,17,2675
WA,Como North,341,378,719,4,723
WA,Como South,460,544,1004,6,1010
WA,Condingup,74,143,217,1,218
WA,Connolly,890,1167,2057,6,2063
WA,Coodanup,531,1275,1806,8,1814
WA,Coogee Beach,969,1020,1989,13,2002
WA,Cooke Point,298,259,557,4,561
WA,Coolbellup,495,809,1304,18,1322
WA,Coolbellup East,515,836,1351,15,1366
WA,Coolbinia,542,382,924,7,931
WA,Coolgardie,97,362,459,5,464
WA,Cooloongup,1156,2842,3998,36,4034
WA,Coolup,82,185,267,0,267
WA,Coomberdale,4,43,47,0,47
WA,Coorow,58,178,236,3,239
WA,Coral Bay,21,52,73,2,75
WA,Coral Park,637,1261,1898,18,1916
WA,Corrigin,176,426,602,4,606
WA,Cottesloe,1510,1112,2622,9,2631
WA,Cottesloe East,1049,669,1718,13,1731
WA,Cottesloe South,527,425,952,2,954
WA,Cowaramup,242,335,577,1,578
WA,Craigie,1297,2117,3414,47,3461
WA,Cranbrook,96,263,359,2,361
WA,Cuballing,62,186,248,2,250
WA,Cue,38,103,141,2,143
WA,Cunderdin,138,409,547,6,553
WA,Currambine,792,1079,1871,13,1884
WA,Dale,17,74,91,0,91
WA,Dalkeith,1514,819,2333,12,2345
WA,Dalwallinu,67,309,376,2,378
WA,Dalyup,19,105,124,1,125
WA,Dampier,372,336,708,2,710
WA,Dandaragan,59,198,257,2,259
WA,Dardanup,231,507,738,3,741
WA,Darkan,86,221,307,4,311
WA,Darlington,1030,1023,2053,9,2062
WA,Dawesville,391,634,1025,5,1030
WA,Deanmill,43,153,196,0,196
WA,Deanmore,758,647,1405,14,1419
WA,Denham,84,266,350,7,357
WA,Denmark,730,986,1716,13,1729
WA,Derby,496,677,1173,9,1182
WA,Dianella,414,475,889,10,899
WA,Dianella Central,799,1114,1913,13,1926
WA,Dianella Heights,879,843,1722,12,1734
WA,Dianella North,600,689,1289,13,1302
WA,Dianella West,724,798,1522,11,1533
WA,Dinninup,26,92,118,0,118
WA,Dongara,469,1291,1760,7,1767
WA,Donnybrook,481,1039,1520,15,1535
WA,Doodlakine,30,51,81,0,81
WA,Doubleview,2014,1801,3815,28,3843
WA,Doubleview North,965,1033,1998,16,2014
WA,Dowerin,114,324,438,6,444
WA,Dudinin,26,59,85,1,86
WA,Dumbleyung,88,259,347,2,349
WA,Duncraig,1475,1617,3092,26,3118
WA,Duncraig East,1118,1067,2185,14,2199
WA,Duncraig North,1147,1194,2341,21,2362
WA,Duncraig South,1077,863,1940,7,1947
WA,Dunsborough,742,900,1642,9,1651
WA,Duranillin,41,130,171,0,171
WA,Dwellingup,129,275,404,3,407
WA,East Fremantle,1516,911,2427,31,2458
WA,East Perth,321,269,590,4,594
WA,Eaton,907,1953,2860,15,2875
WA,Eden Hill,1173,1669,2842,39,2881
WA,Edgewater,1138,1458,2596,20,2616
WA,Elgin,37,117,154,1,155
WA,Elleker,135,246,381,2,383
WA,Ellenbrook,626,1097,1723,11,1734
WA,Embleton,756,1104,1860,27,1887
WA,Emu Point,94,202,296,1,297
WA,Eneabba,40,121,161,3,164
WA,Esperance,794,1697,2491,20,2511
WA,Exmouth,429,519,948,9,957
WA,Falcon,876,1386,2262,18,2280
WA,Ferguson,73,78,151,0,151
WA,Ferndale,395,598,993,7,1000
WA,Ferndale East,615,1010,1625,13,1638
WA,Fitzgerald,10,18,28,1,29
WA,Fitzroy Crossing,137,247,384,11,395
WA,Floreat,1136,940,2076,20,2096
WA,Floreat East,881,740,1621,11,1632
WA,Floreat North,576,446,1022,8,1030
WA,Forest Hill,25,62,87,1,88
WA,Forrest Park,298,187,485,6,491
WA,Forrestdale,269,657,926,15,941
WA,Forrestfield,961,1842,2803,28,2831
WA,Forrestfield North,1169,2193,3362,32,3394
WA,Frankland,39,147,186,1,187
WA,Fremantle,1190,657,1847,30,1877
WA,Gairdner River,18,52,70,0,70
WA,Gascoyne Junction,9,40,49,0,49
WA,Gelorup,510,673,1183,3,1186
WA,Geraldton,719,1319,2038,15,2053
WA,Geraldton Central,453,864,1317,9,1326
WA,Geraldton Regional Hospital,63,165,228,2,230
WA,Geraldton St John of God Hospital,112,311,423,2,425
WA,Gibson,33,133,166,0,166
WA,Gidgegannup,383,649,1032,9,1041
WA,Gingin,175,458,633,6,639
WA,Girrawheen,873,1233,2106,19,2125
WA,Girrawheen Central,206,371,577,5,582
WA,Girrawheen East,620,1030,1650,35,1685
WA,Glen Forrest,721,873,1594,17,1611
WA,Gnowangerup,102,379,481,4,485
WA,Golden Bay,307,485,792,8,800
WA,Goomalling,71,330,401,6,407
WA,Gooseberry Hill,610,764,1374,10,1384
WA,Gosnells,588,1279,1867,19,1886
WA,Gosnells Central,737,1668,2405,24,2429
WA,Gosnells South,956,1977,2933,33,2966
WA,Gosnells West,868,1884,2752,22,2774
WA,Grass Patch,35,78,113,0,113
WA,Grass Valley,29,114,143,3,146
WA,Graylands,1486,1366,2852,16,2868
WA,Greenbushes,90,260,350,2,352
WA,Greenfields,715,1528,2243,22,2265
WA,Greenfields East,434,944,1378,8,1386
WA,Greenhills,5,56,61,0,61
WA,Greenmount,697,984,1681,9,1690
WA,Greenwood,1728,1887,3615,23,3638
WA,Greenwood East,366,479,845,12,857
WA,Greenwood West,839,1070,1909,21,1930
WA,Guilderton,83,125,208,2,210
WA,Guildford,708,844,1552,16,1568
WA,Halls Creek,145,305,450,4,454
WA,Halls Head,1242,2160,3402,24,3426
WA,Halls Head South,561,929,1490,10,1500
WA,Hamersley,984,1152,2136,21,2157
WA,Hamersley East,510,529,1039,12,1051
WA,Hamilton Hill East,746,1007,1753,38,1791
WA,Hamilton Hill North,959,1023,1982,29,2011
WA,Hamilton Hill South,542,712,1254,16,1270
WA,Hampton,1232,1424,2656,37,2693
WA,Hampton Park,1039,1405,2444,31,2475
WA,Harvey,572,1551,2123,25,2148
WA,Hazelmere,264,466,730,4,734
WA,Heathridge,999,1634,2633,25,2658
WA,Heathridge East,489,812,1301,7,1308
WA,Helena Valley,568,830,1398,11,1409
WA,Henley Brook,362,598,960,4,964
WA,Herne Hill,544,627,1171,21,1192
WA,High Wycombe,891,1773,2664,25,2689
WA,High Wycombe South,611,1259,1870,20,1890
WA,Highbury,28,90,118,0,118
WA,Highgate,1491,770,2261,44,2305
WA,Hillarys,1496,1562,3058,16,3074
WA,Hillarys North,665,670,1335,4,1339
WA,Hillcrest,1048,1173,2221,27,2248
WA,Hillman,605,1399,2004,20,2024
WA,Hilton,910,825,1735,21,1756
WA,Hines Hill,12,42,54,0,54
WA,Hope Valley,224,403,627,4,631
WA,Hopetoun,73,201,274,2,276
WA,Horrocks,16,69,85,1,86
WA,Huntingdale,1155,2099,3254,29,3283
WA,Hyden,83,211,294,0,294
WA,Inglewood,617,513,1130,13,1143
WA,Inglewood Brightwater,191,168,359,3,362
WA,Inglewood North,1188,923,2111,20,2131
WA,Innaloo North,1188,1383,2571,33,2604
WA,Jandakot,441,630,1071,7,1078
WA,Jarrahdale,139,260,399,4,403
WA,Jennacubbine,15,64,79,0,79
WA,Jerdacuttup,28,44,72,1,73
WA,Jerramungup,83,203,286,2,288
WA,Jigalong,32,39,71,1,72
WA,Jingalup,48,75,123,0,123
WA,Jolimont,667,538,1205,9,1214
WA,Joondalup,1182,1815,2997,25,3022
WA,Joondanna,833,890,1723,22,1745
WA,Jurien,186,499,685,5,690
WA,Kalamunda,1612,2369,3981,45,4026
WA,Kalamunda North,581,795,1376,9,1385
WA,Kalannie,33,135,168,0,168
WA,Kalbarri,221,428,649,3,652
WA,Kalgoorlie,1284,2125,3409,36,3445
WA,Kalgoorlie East,47,96,143,1,144
WA,Kalgoorlie Eastern Goldfields,195,336,531,2,533
WA,Kalgoorlie Halfway,623,1097,1720,16,1736
WA,Kalgoorlie Hannans,364,404,768,1,769
WA,Kalgoorlie North,644,1011,1655,13,1668
WA,Kalgoorlie Regional Hospital,212,298,510,7,517
WA,Kalgoorlie Wallace Park,205,284,489,0,489
WA,Kallaroo,1347,1785,3132,19,3151
WA,Kambalda,127,240,367,6,373
WA,Kambalda West,284,593,877,3,880
WA,Kardinya,1536,1597,3133,26,3159
WA,Kardinya West,588,655,1243,13,1256
WA,Karlgarin,11,73,84,1,85
WA,Karragullen,90,133,223,3,226
WA,Karratha,690,664,1354,6,1360
WA,Karratha West,1392,1362,2754,14,2768
WA,Karridale,89,109,198,0,198
WA,Karrinyup,1262,1209,2471,24,2495
WA,Katanning,511,1457,1968,23,1991
WA,Katanning District Hospital,68,143,211,3,214
WA,Kellerberrin,143,446,589,8,597
WA,Kelmscott,654,1321,1975,16,1991
WA,Kelmscott East,801,1352,2153,23,2176
WA,Kelmscott North,491,990,1481,8,1489
WA,Kendenup,91,256,347,1,348
WA,Kensington,1019,870,1889,14,1903
WA,Kenwick,753,1559,2312,38,2350
WA,Kewdale,655,1051,1706,14,1720
WA,Kewdale West,1121,1614,2735,26,2761
WA,Kiara,647,808,1455,8,1463
WA,King Edward Memorial Hospital,160,95,255,2,257
WA,King River,91,218,309,3,312
WA,Kingsley,1767,2133,3900,25,3925
WA,Kingsley East,675,681,1356,10,1366
WA,Kingsley South,1181,1250,2431,19,2450
WA,Kinross,857,1416,2273,32,2305
WA,Kirup,53,141,194,0,194
WA,Kojonup,192,674,866,4,870
WA,Kondinin,61,187,248,1,249
WA,Koondoola,806,1387,2193,27,2220
WA,Koongamia,218,437,655,12,667
WA,Koorda,49,254,303,2,305
WA,Kudardup,45,93,138,2,140
WA,Kukerin,35,103,138,2,140
WA,Kulin,99,244,343,2,345
WA,Kununoppin,21,75,96,1,97
WA,Kununurra,636,1021,1657,14,1671
WA,Lake Clifton,76,130,206,0,206
WA,Lake Grace,87,352,439,4,443
WA,Lake Gwelup,992,907,1899,21,1920
WA,Lake King,33,80,113,1,114
WA,Lakeland,537,826,1363,12,1375
WA,Lancelin,198,375,573,2,575
WA,Landsdale,513,742,1255,9,1264
WA,Langford,849,1390,2239,23,2262
WA,Latham,18,63,81,0,81
WA,Lathlain,808,1010,1818,15,1833
WA,Laverton,54,178,232,2,234
WA,Leda,514,1016,1530,22,1552
WA,Ledge Point,38,71,109,0,109
WA,Leederville,596,332,928,8,936
WA,Leederville North,753,436,1189,21,1210
WA,Leederville West,1083,678,1761,12,1773
WA,Leeman,111,282,393,1,394
WA,Leeming,1218,1128,2346,15,2361
WA,Leeming East,913,900,1813,12,1825
WA,Leeming West,1077,1088,2165,11,2176
WA,Leinster,137,173,310,2,312
WA,Leonora,103,243,346,0,346
WA,Leschenault,217,394,611,2,613
WA,Lesmurdie,1279,1829,3108,30,3138
WA,Little Grove,322,646,968,7,975
WA,Lockridge,520,1145,1665,26,1691
WA,Lockyer,698,1767,2465,16,2481
WA,Looma,37,113,150,2,152
WA,Lowden,76,131,207,1,208
WA,Lower Chittering,77,133,210,0,210
WA,Lower Kalgan,82,152,234,3,237
WA,Lower King,284,487,771,5,776
WA,Ludlow,29,54,83,1,84
WA,Lynwood,469,846,1315,9,1324
WA,Maddington,892,2037,2929,46,2975
WA,Maddington East,269,602,871,9,880
WA,Maddington North,243,457,700,8,708
WA,Madora,110,207,317,2,319
WA,Mahogany Creek,266,349,615,7,622
WA,Maida Vale,834,1376,2210,16,2226
WA,Mandurah,603,1142,1745,18,1763
WA,Mandurah Central,587,1191,1778,19,1797
WA,Mandurah East,432,956,1388,16,1404
WA,Mandurah South,701,1452,2153,16,2169
WA,Manjimup,763,1913,2676,38,2714
WA,Manjimup East,178,536,714,5,719
WA,Manning,1530,1543,3073,16,3089
WA,Manning North,582,657,1239,10,1249
WA,Manypeaks,64,114,178,0,178
WA,Marangaroo,1059,1333,2392,25,2417
WA,Marangaroo Central,1213,1639,2852,29,2881
WA,Marble Bar,53,66,119,1,120
WA,Margaret River,1318,1239,2557,21,2578
WA,Marmion,885,795,1680,12,1692
WA,Marvel Loch,47,80,127,0,127
WA,Mayanup,18,93,111,0,111
WA,Maylands,1616,1445,3061,43,3104
WA,Maylands East,681,707,1388,14,1402
WA,Meadow Springs,720,1215,1935,13,1948
WA,Meadow Springs North,71,145,216,0,216
WA,Meckering,29,122,151,0,151
WA,Medina,703,1749,2452,27,2479
WA,Meekatharra,99,286,385,0,385
WA,Melville Heights,716,920,1636,12,1648
WA,Melville South,448,495,943,6,949
WA,Menora,166,355,521,7,528
WA,Menzies,14,53,67,1,68
WA,Mercy Hospital,189,134,323,1,324
WA,Merredin,286,641,927,10,937
WA,Merredin District Hospital,93,183,276,4,280
WA,Merredin South,116,337,453,9,462
WA,Merriwa,782,1546,2328,20,2348
WA,Middlesex,38,66,104,0,104
WA,Middleton Beach,302,571,873,6,879
WA,Midland,1202,1854,3056,53,3109
WA,Midvale,513,938,1451,8,1459
WA,Miling,32,79,111,1,112
WA,Millen,564,744,1308,7,1315
WA,Mindarie,498,834,1332,4,1336
WA,Mingenew,111,220,331,2,333
WA,Mirrabooka,1197,1178,2375,19,2394
WA,Mirrabooka Central,707,1030,1737,21,1758
WA,Mirrabooka East,750,970,1720,24,1744
WA,Mogumber,10,48,58,0,58
WA,Moonyoonooka,40,171,211,0,211
WA,Moora,249,737,986,8,994
WA,Moorine Rock,17,82,99,0,99
WA,Morawa,136,327,463,2,465
WA,Morley,814,1046,1860,13,1873
WA,Morley North,543,847,1390,9,1399
WA,Mosman Park,1347,1225,2572,25,2597
WA,Mosman Park South,318,382,700,2,702
WA,Mount Barker,391,1081,1472,9,1481
WA,Mount Hawthorn,1303,675,1978,30,2008
WA,Mount Hawthorn East,405,614,1019,18,1037
WA,Mount Hawthorn West,448,346,794,11,805
WA,Mount Helena,478,847,1325,5,1330
WA,Mount Lawley,1598,1096,2694,13,2707
WA,Mount Lawley East,443,306,749,7,756
WA,Mount Lawley West,365,221,586,11,597
WA,Mount Magnet,100,215,315,1,316
WA,Mount Tarcoola,603,1122,1725,19,1744
WA,Mount Walker,14,43,57,1,58
WA,Mowanjum,10,84,94,1,95
WA,Mt Pleasant,1337,1431,2768,22,2790
WA,Muchea,74,246,320,2,322
WA,Mukinbudin,73,296,369,4,373
WA,Mullaloo,1325,1584,2909,18,2927
WA,Mullewa,104,255,359,4,363
WA,Mundaring,811,1349,2160,16,2176
WA,Mundijong,257,620,877,7,884
WA,Munglinup,35,83,118,1,119
WA,Munster,435,585,1020,11,1031
WA,Muntadgin,10,44,54,0,54
WA,Muradup,35,138,173,0,173
WA,Myaree,997,1040,2037,16,2053
WA,Nabawa,33,147,180,0,180
WA,Nannup,231,428,659,11,670
WA,Napier,30,104,134,0,134
WA,Narembeen,77,320,397,5,402
WA,Narrikup,50,178,228,3,231
WA,Narrogin,532,1680,2212,26,2238
WA,Narrogin Regional Hospital,104,263,367,2,369
WA,Nedlands Central,358,216,574,3,577
WA,Nedlands East,787,569,1356,11,1367
WA,Nedlands North,841,514,1355,5,1360
WA,Nedlands South,1175,677,1852,11,1863
WA,Neerabup,112,260,372,1,373
WA,New Norcia,36,71,107,1,108
WA,Newdegate,45,180,225,3,228
WA,Newman,341,431,772,9,781
WA,Newman North,324,420,744,8,752
WA,Nollamara,846,1274,2120,30,2150
WA,Nollamara North,252,355,607,5,612
WA,Noonkanbah,24,68,92,0,92
WA,Noranda,1101,1240,2341,17,2358
WA,Noranda West,1937,1816,3753,36,3789
WA,Norseman,144,387,531,3,534
WA,North Beach,1052,956,2008,17,2025
WA,North Beach Central,374,405,779,0,779
WA,North Dandalup,123,223,346,3,349
WA,North Fremantle,593,407,1000,14,1014
WA,North Perth,427,302,729,11,740
WA,North Perth Central,1296,733,2029,36,2065
WA,Northam,640,1475,2115,28,2143
WA,Northam East,227,638,865,2,867
WA,Northam North,143,428,571,7,578
WA,Northampton,198,628,826,6,832
WA,Northbridge,192,93,285,6,291
WA,Northcliffe,126,291,417,7,424
WA,Nullagine,44,56,100,1,101
WA,Nulsen,354,818,1172,10,1182
WA,Nungarin,28,114,142,1,143
WA,Nyabing,18,143,161,0,161
WA,Oakford,244,428,672,3,675
WA,Ocean Reef,1320,1766,3086,31,3117
WA,Ocean Reef North,891,1078,1969,11,1980
WA,Ongerup,57,127,184,0,184
WA,Onslow,82,201,283,0,283
WA,Osborne,935,995,1930,32,1962
WA,Osborne East,296,330,626,6,632
WA,Osborne Park,429,405,834,15,849
WA,Padbury,1206,1614,2820,15,2835
WA,Padbury South,1180,1335,2515,17,2532
WA,Palmyra,1295,1279,2574,27,2601
WA,Palmyra North,276,322,598,2,600
WA,Pannawonica,105,187,292,3,295
WA,Paraburdoo,240,358,598,6,604
WA,Parkerville,351,483,834,6,840
WA,Parkwood,1778,2371,4149,39,4188
WA,Parmelia,677,1396,2073,26,2099
WA,Parryville,43,91,134,2,136
WA,Pemberton,232,664,896,5,901
WA,Peppermint Grove,284,271,555,6,561
WA,Perenjori,58,160,218,0,218
WA,Perth,1289,1280,2569,44,2613
WA,Perth Domestic Airport,23,37,60,1,61
WA,Perth International Airport,16,25,41,0,41
WA,Pickering Brook,135,201,336,4,340
WA,Picton,203,460,663,2,665
WA,Pingaring,5,84,89,1,90
WA,Pingelly,137,525,662,7,669
WA,Pingrup,38,106,144,0,144
WA,Pinjarra,359,1275,1634,7,1641
WA,Pithara,23,48,71,0,71
WA,Popanyinning,34,89,123,2,125
WA,Porongurup,44,80,124,2,126
WA,Port Hedland,485,503,988,12,1000
WA,Port Kennedy,647,1250,1897,13,1910
WA,Prison Mobiles,27,69,96,1,97
WA,Quairading,130,513,643,6,649
WA,Queens Park,438,695,1133,18,1151
WA,Quindanning,19,67,86,0,86
WA,Quinninup,34,57,91,0,91
WA,Quinns Rock,920,1607,2527,15,2542
WA,Rangeway,578,1430,2008,18,2026
WA,Ravensthorpe,90,286,376,2,378
WA,Redcliffe,404,724,1128,12,1140
WA,Redmond,27,103,130,0,130
WA,Richmond,1358,1003,2361,25,2386
WA,Riverton,944,1236,2180,17,2197
WA,Rivervale,259,371,630,9,639
WA,Rivervale North,776,1090,1866,20,1886
WA,Rockingham,1569,3150,4719,44,4763
WA,Rockingham Beach,579,1127,1706,21,1727
WA,Rocky Gully,16,67,83,1,84
WA,Roebourne,114,252,366,6,372
WA,Roelands,44,98,142,1,143
WA,Roleystone,1313,1654,2967,19,2986
WA,Rosa Brook,46,82,128,0,128
WA,Rossmoyne,1015,998,2013,9,2022
WA,Rottnest,696,508,1204,8,1212
WA,Rowethorpe,105,232,337,4,341
WA,Royal Perth Hospital,121,129,250,3,253
WA,Safety Bay,1359,2603,3962,35,3997
WA,Safety Bay Central,1071,1965,3036,32,3068
WA,Salmon Gums,31,88,119,1,120
WA,Samson,974,1042,2016,16,2032
WA,Sandstone,15,25,40,0,40
WA,Sawyers Valley,153,244,397,3,400
WA,Scaddan,25,56,81,0,81
WA,Scarborough,421,408,829,3,832
WA,Scarborough Central,798,812,1610,21,1631
WA,Scotsdale,77,113,190,0,190
WA,Seabird,25,50,75,0,75
WA,Sealinks,490,616,1106,16,1122
WA,Secret Harbour,325,457,782,8,790
WA,Serpentine,365,663,1028,7,1035
WA,Shackleton,20,51,71,0,71
WA,Shelley,791,841,1632,9,1641
WA,Shenton Park East,394,253,647,8,655
WA,Shenton Park West,887,541,1428,6,1434
WA,Singleton,355,492,847,4,851
WA,Sir Charles Gairdner Hospital,156,87,243,4,247
WA,Sorrento,807,686,1493,14,1507
WA,Sorrento Beach,1341,1203,2544,8,2552
WA,South Bunbury,551,905,1456,18,1474
WA,South Fremantle,1019,528,1547,18,1565
WA,South Hedland,529,662,1191,10,1201
WA,South Hedland Baler,666,830,1496,9,1505
WA,South Lake,781,1269,2050,22,2072
WA,South Perth,1324,1102,2426,20,2446
WA,South Perth Central,1618,1654,3272,28,3300
WA,South Perth North,380,468,848,9,857
WA,South Stirling,7,21,28,0,28
WA,South West Health Campus,85,171,256,4,260
WA,Southern Cross,171,380,551,2,553
WA,Spalding,194,639,833,7,840
WA,Spearwood,1249,1647,2896,36,2932
WA,Spearwood South,1408,1412,2820,42,2862
WA,Spearwood West,1437,1773,3210,45,3255
WA,Spencer Park,575,1315,1890,22,1912
WA,Stoneville,351,577,928,7,935
WA,Stratton,641,1361,2002,10,2012
WA,Strawberry Fields,602,1505,2107,12,2119
WA,Subiaco,1633,1127,2760,29,2789
WA,Subiaco Brightwater,171,178,349,5,354
WA,Subiaco North,191,130,321,5,326
WA,Swan Cottage Homes,186,469,655,13,668
WA,Swan View,1686,2873,4559,36,4595
WA,Swanbourne,920,775,1695,8,1703
WA,Tambellup,65,289,354,5,359
WA,Tammin,41,146,187,4,191
WA,Tardun,22,63,85,0,85
WA,Telfer,5,15,20,0,20
WA,Thornlie,1601,2559,4160,37,4197
WA,Thornlie East,1087,1864,2951,30,2981
WA,Thornlie South,999,1493,2492,14,2506
WA,Thornlie West,1134,1921,3055,37,3092
WA,Three Springs,101,284,385,1,386
WA,Tincurrin,23,55,78,0,78
WA,Tingledale,55,109,164,0,164
WA,Tom Price,556,703,1259,8,1267
WA,Toodyay,459,996,1455,11,1466
WA,Trayning,37,135,172,0,172
WA,Trigg,546,477,1023,6,1029
WA,Tuart Hill,1255,1230,2485,38,2523
WA,Two Rocks,318,601,919,9,928
WA,Upper Swan,646,916,1562,19,1581
WA,Useless Loop,27,34,61,0,61
WA,Varley,25,53,78,0,78
WA,Vasse,293,613,906,2,908
WA,Victoria Park,1356,1247,2603,31,2634
WA,Victoria Park Central,1290,1209,2499,22,2521
WA,Victoria Park East,974,976,1950,12,1962
WA,Villa Maria,147,249,396,3,399
WA,Waggrakine,474,1067,1541,12,1553
WA,Wagin,199,756,955,10,965
WA,Waikiki,1321,2462,3783,24,3807
WA,Walkaway,74,253,327,3,330
WA,Walliston,585,905,1490,13,1503
WA,Walpole,112,249,361,6,367
WA,Wandering,36,164,200,0,200
WA,Wangkatjungka,21,93,114,0,114
WA,Wanneroo,1662,2908,4570,50,4620
WA,Wanneroo East,1134,2132,3266,32,3298
WA,Warmun,43,77,120,2,122
WA,Warnbro,1039,1892,2931,18,2949
WA,Warnbro East,597,1367,1964,9,1973
WA,Waroona,353,1148,1501,15,1516
WA,Warwick,497,588,1085,11,1096
WA,Warwick West,547,514,1061,10,1071
WA,Watheroo,53,95,148,1,149
WA,Wattle Grove,252,352,604,6,610
WA,Wattleup,234,377,611,14,625
WA,Wellard,125,251,376,2,378
WA,Wellstead,32,84,116,1,117
WA,Wembley Central,378,338,716,5,721
WA,Wembley Downs,1535,1383,2918,24,2942
WA,Wembley North,958,942,1900,19,1919
WA,Wembley South,185,188,373,1,374
WA,Wembley West,1414,1050,2464,19,2483
WA,West Perth,520,286,806,9,815
WA,West Perth Central,169,203,372,2,374
WA,Westfield,428,923,1351,7,1358
WA,Westfield South,533,1242,1775,17,1792
WA,Westminster,915,1244,2159,40,2199
WA,Westonia,19,65,84,0,84
WA,White Gum Valley,1051,662,1713,26,1739
WA,Wickepin,55,192,247,2,249
WA,Wickham,307,463,770,4,774
WA,Willagee,570,753,1323,21,1344
WA,Willagee East,747,825,1572,19,1591
WA,Willetton,1421,1668,3089,27,3116
WA,Willetton East,1692,1774,3466,25,3491
WA,Willetton North,517,641,1158,7,1165
WA,Willetton South,1670,1673,3343,25,3368
WA,Williams,116,390,506,2,508
WA,Wilson,1075,1266,2341,28,2369
WA,Wilson Park,99,298,397,2,399
WA,Wiluna,31,78,109,0,109
WA,Winthrop,2184,1617,3801,19,3820
WA,Witchcliffe,133,195,328,3,331
WA,Withers,639,1445,2084,25,2109
WA,Wollaston,335,584,919,8,927
WA,Wongan Hills,178,483,661,6,667
WA,Wonthella,550,1444,1994,17,2011
WA,Woodanilling,35,103,138,3,141
WA,Woodlands,1186,902,2088,15,2103
WA,Woodlands North,538,513,1051,11,1062
WA,Woodridge,118,254,372,8,380
WA,Woodvale,974,1227,2201,18,2219
WA,Woodvale North,1570,1796,3366,14,3380
WA,Woogenellup,8,29,37,1,38
WA,Wooroloo,126,235,361,2,363
WA,Wubin,22,81,103,1,104
WA,Wundowie,160,416,576,0,576
WA,Wyalkatchem,89,266,355,2,357
WA,Wyndham,106,271,377,1,378
WA,Yakamia,468,1099,1567,14,1581
WA,Yalgoo,8,37,45,0,45
WA,Yallingup,244,166,410,1,411
WA,Yanchep,340,753,1093,4,1097
WA,Yandeyarra,37,37,74,0,74
WA,Yangebup,1086,1703,2789,17,2806
WA,Yangebup South,239,321,560,2,562
WA,Yarloop,138,417,555,8,563
WA,Yealering,33,97,130,0,130
WA,Yerecoin,21,71,92,1,93
WA,Yokine,718,774,1492,12,1504
WA,Yokine North,749,782,1531,16,1547
WA,Yokine West,685,775,1460,16,1476
WA,Yoongarillup,51,149,200,2,202
WA,York,422,1113,1535,13,1548
WA,Yorkrakine,12,38,50,0,50
WA,Yornup,28,96,124,0,124
WA,Yuna,38,79,117,1,118
WA,Yunderup,245,551,796,4,800
WA,Yunderup North,105,193,298,3,301
